4 0 1 2 3 0 0 0 0 0 0 0.131524 0.25 -0.890276 0.305588 0.25 -0.89028 0 0 6.92153e-310 0 0 6.92153e-310 0 1 0 0 1 0 1 -3.21141e-06 -8.37758e-07 3.21141e-06 1 -2.69038e-12 8.37758e-07 0 1 0.218257 1.25061 -1.07321 0 3.21141e-06 -8.37758e-07 0 0.00111883 -1.69505e-05 -0.0609284 -0.0022834 0.000384931 0.125236 -0.00196002 -0.00246203 -0.0643067 0.000806537 0.0115653 9.33814e-06 0 0 0 -5.25349e-06 2.1293e-06 -2.42426e-05 -7.15585e-07 -0 0 0 -0 0 0 0 0 0 -0 0 0.0168861 0.00235013 -0.404706 -0.0197525 0.00465443 0.231589 0.00642753 -2.02705e-05 0.172944 0 0 0 -0.000118747 1.43116e-06 0.00379077 -0.0166992 -0.0024095 -0.408698 0.0197107 -0.0046498 0.231705 -0.00644757 2.05968e-05 0.173029 0 0 0 -2.17397e-06 2.50688e-05 -0.0608848 -4.46241e-06 -0.000140214 0.125148 -1.24531e-05 0.000115407 -0.0642628 0 -0 -1.0472e-07 0 0 0 
1 3 0.303111 0.25 -0.925304 0 1 0 0.998715 0.0425135 -0.0275794 -0.0459102 0.989472 -0.137253 0.0214539 0.138343 0.990152 0.21775 1.24154 -1.07423 0 -0.045937 -0.0214556 0.13882 0.0193013 0.0338295 -0.282985 -0.110984 -0.340724 0.594834 0.123555 0.012467 -0.410167 0.00161277 0.0231305 -8.46711e-06 0 0 0 -0.024911 0.0282909 -0.00712454 -0.00390239 -9.03557e-05 0.000455077 0.0678067 0.0380322 -0.260591 0 0 0 0 -0 0 -1.27282 0.0325915 -0.475331 -0.483761 -0.591067 0.929885 0.0495974 0.0574614 0.172775 0 0 0 0.246887 -0.150213 -0.0176659 1.06871 0.0081503 -0.211283 0.228593 0.865433 0.62794 0.222107 0.0572574 0.187922 0 0 0 0.0712805 -0.0127886 -0.284319 -0.0254964 0.139809 0.363355 -0.21518 -0.0108918 -0.24559 0 -0 -1.0472e-07 0 0 0 
2 2 3 0.0880057 0.25 -1.01913 0.303048 0.25 -0.9249 0 1 0 0 1 0 0.998675 0.0393269 -0.0331915 -0.0434478 0.98999 -0.134283 0.0275784 0.135547 0.990387 0.215469 1.2416 -1.07623 0 -0.0434781 -0.0275819 0.136018 0.0205195 0.0403335 -0.279104 -0.112508 -0.340984 0.58638 0.119797 0.011871 -0.408858 0.00161282 0.0231305 -6.37216e-06 0 0 0 -0.022625 0.0281388 -0.0109717 -0.00382106 -9.63247e-05 0.000457713 0.0694565 0.0281517 -0.247967 0 0 0 0 -0 0 -1.27766 0.0365341 -0.482741 -0.494256 -0.592265 0.958537 0.0567821 0.0490413 0.172475 0 0 0 0.237534 -0.160129 -0.0187282 1.10767 0.00363066 -0.226016 0.174177 0.857792 0.618077 0.23268 0.0808702 0.191375 0 0 0 0.0711253 -0.0105065 -0.282426 -0.0251654 0.144362 0.362116 -0.216033 -0.0107636 -0.243868 0 -0 -1.0472e-07 0 0 0 
2 2 3 0.0876551 0.25 -1.02007 0.303125 0.25 -0.924617 0 1 0 0 1 0 0.998516 0.0386912 -0.0383316 -0.0437098 0.989162 -0.140174 0.0324926 0.141642 0.989385 0.212863 1.2413 -1.07953 0 -0.0437469 -0.0324984 0.142195 0.0226749 0.0462527 -0.291115 -0.1152 -0.341697 0.592006 0.125317 0.0131171 -0.417198 0.00161282 0.0231305 -5.34214e-06 0 0 0 -0.0134769 0.0273642 -0.0161438 -0.00373621 -9.16123e-05 0.000430555 0.0665052 0.0369893 -0.245958 0 0 0 0 -0 0 -1.28017 0.0272042 -0.477852 -0.488001 -0.592851 0.950576 0.0570853 0.0497299 0.172491 0 0 0 0.244266 -0.155995 -0.0184788 1.08938 0.00378051 -0.245741 0.186519 0.841669 0.625811 0.231053 0.0721892 0.190243 0 0 0 0.0723454 -0.00215064 -0.296206 -0.0225022 0.142638 0.370042 -0.219145 -0.0108459 -0.242994 0 -0 -1.0472e-07 0 0 0 
2 2 3 0.0876688 0.25 -1.02019 0.303106 0.25 -0.924243 0 1 0 0 1 0 0.998416 0.0370311 -0.0423635 -0.0426691 0.989085 -0.14103 0.0366786 0.142614 0.989099 0.209853 1.2412 -1.0817 0 -0.0427108 -0.0366869 0.143199 0.025096 0.0506573 -0.293353 -0.115614 -0.341018 0.589363 0.119827 0.0126436 -0.422907 0.00161285 0.0231305 -4.31212e-06 0 0 0 -0.00600889 0.0254583 -0.0205335 -0.0036251 -8.9134e-05 0.000411653 0.0636261 0.0404687 -0.238927 0 0 0 0 -0 0 -1.28405 0.0262721 -0.481804 -0.49399 -0.59306 0.960994 0.0591726 0.0474177 0.172397 0 0 0 0.245133 -0.156183 -0.0185663 1.09117 0.000121307 -0.259956 0.169091 0.827423 0.624441 0.22965 0.0770468 0.190698 0 0 0 0.073276 0.00295631 -0.301107 -0.0208208 0.143698 0.373526 -0.222355 -0.0109477 -0.242279 0 -0 -1.0472e-07 0 0 0 
2 2 3 0.0875512 0.25 -1.02074 0.303099 0.25 -0.923989 0 1 0 0 1 0 0.998374 0.0356049 -0.0445128 -0.041628 0.988894 -0.142676 0.0389385 0.144297 0.988768 0.206437 1.24108 -1.08364 0 -0.0416717 -0.0389484 0.144913 0.0268822 0.0561679 -0.295614 -0.115646 -0.343327 0.587694 0.117342 0.0127741 -0.432129 0.00161287 0.0231305 -3.31701e-06 0 0 0 0.0034396 0.0225579 -0.0247545 -0.00345013 -8.43518e-05 0.000382978 0.0595692 0.046197 -0.233533 0 0 0 0 -0 0 -1.28672 0.0238426 -0.481711 -0.498578 -0.593159 0.967577 0.0591304 0.0451458 0.17233 0 0 0 0.247241 -0.155501 -0.0185862 1.08548 -0.00286573 -0.272587 0.160245 0.811856 0.623652 0.220978 0.0704159 0.1893 0 0 0 0.0740393 0.00705658 -0.307886 -0.017532 0.143332 0.37942 -0.228077 -0.0112015 -0.241717 0 -0 -1.0472e-07 0 0 0 
2 2 3 0.0877186 0.25 -1.02111 0.303029 0.25 -0.923463 0 1 0 0 1 0 0.998418 0.0333061 -0.0452905 -0.0392943 0.989581 -0.138508 0.0402055 0.140069 0.989325 0.202481 1.24082 -1.0845 0 -0.0393362 -0.0402163 0.140645 0.0275384 0.0632055 -0.287556 -0.112794 -0.346988 0.580261 0.109837 0.0120192 -0.439693 0.00161289 0.0231305 -2.32191e-06 0 0 0 0.0132 0.0191409 -0.024029 -0.00317487 -7.49968e-05 0.000348403 0.0547027 0.052529 -0.227346 0 0 0 0 -0 0 -1.29075 0.0231023 -0.483485 -0.502766 -0.592788 0.971401 0.0611202 0.0409758 0.172173 0 0 0 0.249829 -0.151866 -0.0181294 1.07915 -0.0105699 -0.289617 0.15137 0.796104 0.626924 0.210773 0.0677603 0.188275 0 0 0 0.0738448 0.00971488 -0.307139 -0.0139275 0.143253 0.384716 -0.234572 -0.0114511 -0.240772 0 -0 -1.0472e-07 0 0 0 
2 2 3 0.0879524 0.25 -1.02132 0.302892 0.25 -0.922829 0 1 0 0 1 0 0.998383 0.033627 -0.0458367 -0.039393 0.990555 -0.131332 0.0409874 0.132925 0.990278 0.198211 1.24061 -1.08511 0 -0.0394363 -0.0409989 0.133433 0.0316023 0.0719717 -0.274806 -0.109929 -0.351363 0.570305 0.100395 0.0108706 -0.446602 0.00161291 0.0231305 -1.36172e-06 0 0 0 0.0233708 0.0143005 -0.0227698 -0.00264506 -6.03884e-05 0.000288555 0.0521123 0.0608227 -0.218612 0 0 0 0 -0 0 -1.28989 0.0274643 -0.487295 -0.511615 -0.592039 0.97945 0.0610044 0.0413906 0.172187 0 0 0 0.256798 -0.145983 -0.0175348 1.0715 -0.0223323 -0.308343 0.145511 0.778687 0.637905 0.194235 0.0700256 0.187309 0 0 0 0.0766173 0.0121535 -0.30504 -0.00966271 0.141265 0.394273 -0.242287 -0.011915 -0.241159 0 -0 -1.0472e-07 0 0 0 
2 2 3 0.0880853 0.25 -1.02159 0.302576 0.25 -0.921397 0 1 0 0 1 0 0.998329 0.0352026 -0.0458251 -0.0407465 0.991157 -0.126287 0.0409743 0.127943 0.990935 0.194035 1.23993 -1.0862 0 -0.040792 -0.0409857 0.128403 0.0372572 0.0796486 -0.265932 -0.108007 -0.353544 0.562228 0.0964177 0.0103896 -0.45004 0.00161294 0.0231305 -4.01533e-07 0 0 0 0.0357886 0.00965216 -0.0242914 -0.00181285 -4.02647e-05 0.000187326 0.0477596 0.0708406 -0.209127 0 0 0 0 -0 0 -1.2887 0.0323953 -0.486217 -0.515676 -0.593865 0.979607 0.0601132 0.0427427 0.172243 0 0 0 0.267757 -0.129265 -0.0151694 1.05389 -0.055715 -0.337491 0.171692 0.785013 0.663577 0.176147 0.0547131 0.184647 0 0 0 0.0797131 0.0153077 -0.312586 -0.00291822 0.13675 0.415214 -0.25185 -0.0125545 -0.242133 0 -0 -1.0472e-07 0 0 0 
2 2 3 0.0882327 0.25 -1.02216 0.302075 0.25 -0.919408 0 1 0 0 1 0 0.998298 0.0389203 -0.0434393 -0.0439777 0.991518 -0.122302 0.0383108 0.124004 0.991542 0.190351 1.23859 -1.08718 0 -0.0440243 -0.0383202 0.124416 0.0435835 0.0880805 -0.259691 -0.107173 -0.358979 0.559233 0.0957891 0.0105239 -0.455546 0.00161296 0.0231305 5.41197e-07 0 0 0 0.0515695 0.00425701 -0.0260081 -0.000700733 -2.00713e-05 5.37038e-05 0.0421219 0.0800692 -0.200675 0 0 0 0 -0 0 -1.28823 0.0370916 -0.483708 -0.517758 -0.595141 0.978611 0.0627895 0.0412741 0.172154 0 0 0 0.276826 -0.113469 -0.0127095 1.03975 -0.0873515 -0.366504 0.199117 0.792298 0.689731 0.169841 0.0463441 0.183527 0 0 0 0.0849197 0.0150875 -0.328763 0.00515318 0.131807 0.449161 -0.265891 -0.0135939 -0.244203 0 -0 -1.0472e-07 0 0 0 
2 2 3 0.0884826 0.25 -1.02263 0.300574 0.25 -0.915486 0 1 0 0 1 0 0.998084 0.046843 -0.0404352 -0.0513731 0.991512 -0.119432 0.0344975 0.12128 0.992019 0.187065 1.23601 -1.0884 0 -0.0514264 -0.0345043 0.121652 0.0542422 0.0944189 -0.257592 -0.107405 -0.361417 0.561649 0.0933431 0.010349 -0.460924 0.00161296 0.0231305 1.46647e-06 0 0 0 0.0744289 -0.000417829 -0.027671 0.000893748 3.47321e-06 -0.000162595 0.0339201 0.0878355 -0.193963 0 0 0 0 -0 0 -1.28984 0.042086 -0.480264 -0.521204 -0.597476 0.974863 0.0643054 0.0442234 0.172225 0 0 0 0.286337 -0.0979434 -0.0101713 1.02575 -0.115321 -0.391122 0.220817 0.799326 0.710847 0.169997 0.0483765 0.183709 0 0 0 0.0949699 0.0160745 -0.358972 0.0102604 0.126213 0.503432 -0.248217 -0.0136698 -0.253184 0 -0 -1.0472e-07 0 0 0 
2 2 3 0.088715 0.25 -1.02336 0.298679 0.25 -0.910856 0 1 0 0 1 0 0.997666 0.057443 -0.0369073 -0.0615239 0.990731 -0.121108 0.0296084 0.123096 0.991953 0.18457 1.23247 -1.09002 0 -0.0615898 -0.0296127 0.123463 0.0665725 0.0986464 -0.264993 -0.109982 -0.362153 0.57382 0.0914385 0.0105001 -0.472433 0.00161298 0.0231305 2.35682e-06 0 0 0 0.10277 -0.00434646 -0.032832 0.0028199 3.21315e-05 -0.000445425 0.0233687 0.0914929 -0.188028 0 0 0 0 -0 0 -1.29229 0.0491424 -0.473676 -0.532415 -0.599753 0.983478 0.0735154 0.0453278 0.172128 0 0 0 0.292466 -0.0937368 -0.0095728 1.01257 -0.119856 -0.398014 0.222033 0.790537 0.716734 0.169289 0.0590971 0.184572 0 0 0 0.106664 0.0190775 -0.405382 0.0151841 0.116844 0.576298 -0.222291 -0.0130342 -0.262014 0 -0 -1.0472e-07 0 0 0 
2 2 3 0.0889757 0.25 -1.02418 0.297039 0.25 -0.905023 0 1 0 0 1 0 0.997222 0.0669161 -0.0327069 -0.0704951 0.989715 -0.124481 0.0240407 0.126441 0.991683 0.182759 1.22846 -1.091 0 -0.070574 -0.024043 0.126817 0.0769684 0.0983451 -0.275024 -0.112111 -0.360801 0.589432 0.0897525 0.0107513 -0.486028 0.001613 0.0231305 3.24718e-06 0 0 0 0.132223 -0.00651691 -0.035724 0.00461045 6.32856e-05 -0.000776026 0.0108464 0.091388 -0.185272 0 0 0 0 -0 0 -1.29745 0.0531933 -0.467331 -0.547789 -0.59877 0.99694 0.08903 0.042609 0.171782 0 0 0 0.295565 -0.0911469 -0.00917033 0.997489 -0.117341 -0.401826 0.225358 0.784099 0.725102 0.16025 0.0652056 0.184454 0 0 0 0.116724 0.0206231 -0.457964 0.0212611 0.111865 0.655346 -0.195506 -0.0119838 -0.269462 0 -0 -1.0472e-07 0 0 0 
2 2 3 0.0889358 0.25 -1.02472 0.295556 0.25 -0.896171 0 1 0 0 1 0 0.996696 0.0754324 -0.0301108 -0.0786731 0.988758 -0.127154 0.0201807 0.129103 0.991426 0.181347 1.22463 -1.09096 0 -0.0787705 -0.0201821 0.129491 0.0868087 0.0955691 -0.283849 -0.114704 -0.357335 0.605263 0.0897174 0.0111818 -0.497008 0.00161302 0.0231305 4.12008e-06 0 0 0 0.160076 -0.00775239 -0.034702 0.00623312 9.48935e-05 -0.0011829 -0.000113645 0.0895872 -0.184178 0 0 0 0 -0 0 -1.30011 0.0577247 -0.458631 -0.570399 -0.596996 1.01634 0.104321 0.0396947 0.171388 0 0 0 0.294715 -0.0985592 -0.0105804 0.988231 -0.086751 -0.390508 0.201137 0.760983 0.720248 0.149978 0.0852623 0.185233 0 0 0 0.12621 0.021153 -0.51183 0.0291597 0.112782 0.733805 -0.165482 -0.0105537 -0.277574 0 -0 -1.0472e-07 0 0 0 
2 2 3 0.0888353 0.25 -1.02506 0.293216 0.25 -0.885293 0 1 0 0 1 0 0.996185 0.081557 -0.031062 -0.0849099 0.988 -0.129019 0.0201669 0.131164 0.991156 0.180165 1.22145 -1.09026 0 -0.0850296 -0.0201683 0.13157 0.0945961 0.0922603 -0.290202 -0.115508 -0.351576 0.617538 0.088231 0.0112531 -0.505826 0.00161304 0.0231305 4.99298e-06 0 0 0 0.182944 -0.00477958 -0.0314124 0.00754725 0.000135821 -0.00162401 -0.00891106 0.0856439 -0.183332 0 0 0 0 -0 0 -1.30035 0.0614727 -0.449851 -0.595828 -0.593829 1.03786 0.115022 0.040444 0.171246 0 0 0 0.292788 -0.111437 -0.0129976 0.980336 -0.0480106 -0.360255 0.169674 0.743013 0.700474 0.134995 0.100229 0.18504 0 0 0 0.132281 0.0242905 -0.560394 0.0355551 0.113307 0.800626 -0.129862 -0.0083644 -0.284162 0 -0 -1.0472e-07 0 0 0 
2 2 3 0.0887588 0.25 -1.02484 0.29079 0.25 -0.870859 0 1 0 0 1 0 0.996148 0.0814435 -0.032496 -0.0847521 0.989329 -0.118511 0.0224973 0.120809 0.992421 0.1794 1.21933 -1.0868 0 -0.0848754 -0.0224992 0.121136 0.0972886 0.0833397 -0.274961 -0.111555 -0.342857 0.61739 0.08538 0.0109384 -0.511741 0.00161306 0.0231305 5.83096e-06 0 0 0 0.19413 -0.0022355 -0.0158141 0.00831624 0.0001738 -0.00203488 -0.0162768 0.0834102 -0.180238 0 0 0 0 -0 0 -1.29764 0.0678942 -0.449497 -0.625019 -0.585472 1.06545 0.126634 0.0383699 0.170917 0 0 0 0.291494 -0.124184 -0.0153967 0.974369 -0.00790626 -0.329386 0.151078 0.730795 0.687159 0.115346 0.115275 0.184185 0 0 0 0.130652 0.0243598 -0.581847 0.0415459 0.114475 0.838973 -0.121057 -0.00760533 -0.282467 0 -0 -1.0472e-07 0 0 0 
2 2 3 0.0890489 0.25 -1.02451 0.287397 0.25 -0.851019 0 1 0 0 1 0 0.996232 0.0788465 -0.0361333 -0.0823242 0.990754 -0.107835 0.0272968 0.110404 0.993512 0.1787 1.21868 -1.08206 0 -0.0824483 -0.0273002 0.110671 0.0978659 0.0738724 -0.254965 -0.104758 -0.331558 0.608904 0.0775964 0.00937933 -0.509711 0.00161308 0.0231305 6.65148e-06 0 0 0 0.197171 0.00187995 0.000551857 0.00861072 0.000193626 -0.00243587 -0.0228403 0.0848665 -0.177263 0 0 0 0 -0 0 -1.29235 0.0733353 -0.453537 -0.645516 -0.576413 1.08577 0.129971 0.0341766 0.170584 0 0 0 0.291017 -0.129125 -0.0163239 0.970354 0.0176704 -0.305515 0.154714 0.743644 0.682284 0.0995995 0.115875 0.18272 0 0 0 0.131617 0.0188483 -0.593654 0.0399219 0.12132 0.851103 -0.120794 -0.00764161 -0.28349 0 -0 -1.0472e-07 0 0 0 
2 1 2 0.287397 0.25 -0.851019 0.0886888 0.25 -1.02399 0 1 0 0 1 0 0.996395 0.0742912 -0.0409711 -0.0779966 0.992143 -0.0978236 0.0333818 0.100666 0.99436 0.178053 1.2189 -1.07625 0 -0.0781195 -0.033388 0.100894 0.0951781 0.0677537 -0.232447 -0.098465 -0.325989 0.595659 0.0747877 0.00879693 -0.508235 0.00161308 0.0231305 7.47201e-06 0 0 0 0.198663 0.00962174 0.0207503 0.00854542 0.000217956 -0.00282499 -0.0351416 0.0849335 -0.178429 0 0 0 0 -0 0 -1.28862 0.0731134 -0.451639 -0.657162 -0.573884 1.09058 0.120896 0.0357148 0.17086 0 0 0 0.287091 -0.14094 -0.0183738 0.963057 0.0528567 -0.268565 0.164442 0.76146 0.661609 0.0896116 0.118395 0.181882 0 0 0 0.132846 0.0105933 -0.59818 0.0306474 0.124558 0.842591 -0.109707 -0.00645326 -0.27629 0 -0 -1.0472e-07 0 0 0 
1 2 0.0883812 0.25 -1.02366 0 1 0 0.996489 0.0697967 -0.0462294 -0.0739511 0.992701 -0.0952698 0.0392425 0.0983541 0.994377 0.177731 1.22009 -1.0705 0 -0.0740758 -0.0392526 0.0985896 0.0912159 0.0658139 -0.217379 -0.0926595 -0.324302 0.581195 0.0731215 0.00841104 -0.506003 0.0016131 0.0231307 8.25762e-06 0 0 0 0.196147 0.0200568 0.0323743 0.00807284 0.000232581 -0.00308262 -0.0428849 0.076907 -0.176969 0 0 0 0 -0 0 -1.28654 0.0727426 -0.453258 -0.65883 -0.57149 1.0951 0.115342 0.0387833 0.171144 0 0 0 0.281433 -0.154008 -0.0205039 0.961983 0.0850953 -0.236397 0.176364 0.781172 0.642908 0.082034 0.119816 0.18121 0 0 0 0.134166 0.00370433 -0.602388 0.0135529 0.12085 0.813086 -0.055937 -0.0024897 -0.27101 0 -0 -1.0472e-07 0 0 0 
1 2 0.0877936 0.25 -1.02342 0 1 0 0.996671 0.0649146 -0.0493258 -0.0694321 0.992938 -0.0961926 0.0427332 0.0992972 0.99414 0.177658 1.22177 -1.06347 0 -0.0695516 -0.0427462 0.0995523 0.0866865 0.061308 -0.202526 -0.0868507 -0.32328 0.562827 0.0732876 0.00838595 -0.504205 0.00161312 0.0231307 9.04322e-06 0 0 0 0.189946 0.0293284 0.0397387 0.00735586 0.000222825 -0.00321395 -0.0516413 0.0697496 -0.17574 0 0 0 0 -0 0 -1.28466 0.0717258 -0.45355 -0.650793 -0.570721 1.09402 0.1098 0.0405735 0.171341 0 0 0 0.275043 -0.158331 -0.0208943 0.961152 0.109347 -0.228157 0.206399 0.799129 0.649818 0.067494 0.122182 0.179878 0 0 0 0.133919 -0.00419148 -0.604726 -0.00454136 0.113773 0.76872 0.00546609 0.00168052 -0.264774 0 -0 -1.0472e-07 0 0 0 
1 2 0.0874677 0.25 -1.02309 0 1 0 0.996583 0.0638826 -0.0523541 -0.0691862 0.991882 -0.106693 0.0451133 0.109951 0.992913 0.17766 1.22386 -1.05643 0 -0.0693122 -0.0451286 0.110286 0.0857985 0.0629703 -0.19944 -0.0831806 -0.326291 0.547314 0.072694 0.00819858 -0.501757 0.00161314 0.0231307 9.81137e-06 0 0 0 0.18363 0.0405197 0.0375269 0.00650794 0.00020237 -0.00321636 -0.0574395 0.0609167 -0.176181 0 0 0 0 -0 0 -1.28125 0.0678774 -0.447004 -0.632977 -0.57429 1.08713 0.105008 0.0410002 0.171444 0 0 0 0.267516 -0.159424 -0.0205964 0.96214 0.130226 -0.227799 0.238728 0.813127 0.658272 0.058218 0.125777 0.179071 0 0 0 0.136708 -0.00865357 -0.61259 -0.0204332 0.104221 0.717809 0.0728473 0.00597073 -0.261542 0 -0 -1.0472e-07 0 0 0 
1 2 0.0866499 0.25 -1.02238 0 1 0 0.996744 0.0634793 -0.0497265 -0.0686866 0.991425 -0.111168 0.0422433 0.114221 0.992557 0.177885 1.22523 -1.04659 0 -0.0688022 -0.0422558 0.114574 0.0850142 0.0633552 -0.185217 -0.0808737 -0.33643 0.529734 0.0826066 0.0100199 -0.501043 0.00161316 0.0231307 1.05621e-05 0 0 0 0.175025 0.0480437 0.0399616 0.00567734 0.00017893 -0.00306859 -0.0632073 0.0521285 -0.177108 0 0 0 0 -0 0 -1.27778 0.064083 -0.441689 -0.618086 -0.579834 1.08283 0.0920083 0.0491436 0.172037 0 0 0 0.259542 -0.160765 -0.0203043 0.963072 0.148009 -0.224002 0.265044 0.824174 0.659697 0.0516056 0.129171 0.178497 0 0 0 0.130662 -0.00922408 -0.604966 -0.0269385 0.0863178 0.662714 0.148659 0.0105926 -0.258421 0 -0 -1.0472e-07 0 0 0 
2 2 3 0.0863158 0.25 -1.02167 0.265569 0.25 -0.708757 0 1 0 0 1 0 0.996909 0.0642587 -0.0451991 -0.0690777 0.990996 -0.114693 0.0374222 0.117461 0.992372 0.178698 1.22564 -1.03497 0 -0.0691813 -0.0374309 0.117815 0.0858767 0.0586661 -0.170672 -0.0798875 -0.340765 0.518315 0.088247 0.010997 -0.499197 0.00161317 0.0231307 1.12953e-05 0 0 0 0.15627 0.0556444 0.0354292 0.00483408 0.000142401 -0.0027697 -0.0604012 0.0471743 -0.174381 0 0 0 0 -0 0 -1.26673 0.0662453 -0.441323 -0.60625 -0.581214 1.08753 0.0896184 0.0518085 0.172187 0 0 0 0.259452 -0.150571 -0.0185004 0.966496 0.147526 -0.239491 0.289931 0.830759 0.678954 0.0449763 0.138507 0.178031 0 0 0 0.121197 -0.00450441 -0.59138 -0.029843 0.0690868 0.611602 0.217591 0.0146246 -0.255689 0 -0 -1.0472e-07 0 0 0 
2 2 3 0.0858055 0.25 -1.02053 0.265974 0.25 -0.69518 0 1 0 0 1 0 0.997274 0.0641512 -0.0364477 -0.0678369 0.991502 -0.111008 0.0290166 0.113178 0.993151 0.17966 1.22471 -1.02048 0 -0.0679177 -0.0290207 0.113469 0.0865063 0.0496322 -0.147706 -0.0826835 -0.344021 0.51299 0.0992517 0.0129843 -0.498086 0.00161319 0.0231307 1.20285e-05 0 0 0 0.134588 0.061498 0.0367341 0.00408093 0.000108454 -0.00240934 -0.0597525 0.0474523 -0.173907 0 0 0 0 -0 0 -1.25641 0.0663974 -0.442367 -0.597999 -0.5878 1.07565 0.0618643 0.0626107 0.172833 0 0 0 0.260669 -0.138776 -0.0164903 0.966548 0.141302 -0.254084 0.305686 0.836709 0.704687 0.0415665 0.154807 0.178005 0 0 0 0.109251 -0.00120195 -0.5651 -0.0274768 0.0594238 0.569333 0.226485 0.0141595 -0.247239 0 -0 -1.0472e-07 0 0 0 
2 2 3 0.0851179 0.25 -1.01906 0.269062 0.25 -0.686064 0 1 0 0 1 0 0.997672 0.0640591 -0.0233955 -0.0661906 0.992163 -0.105982 0.0164231 0.107284 0.994093 0.180803 1.22272 -1.00463 0 -0.066248 -0.0164238 0.107505 0.0872427 0.0398812 -0.128568 -0.0924713 -0.348056 0.522946 0.115138 0.0157889 -0.495652 0.00161321 0.0231307 1.27269e-05 0 0 0 0.110572 0.0659139 0.0399841 0.00346364 8.60445e-05 -0.00206842 -0.0541844 0.0427457 -0.172995 0 0 0 0 -0 0 -1.2452 0.0653017 -0.446083 -0.59682 -0.593048 1.07102 0.0478031 0.0615189 0.172888 0 0 0 0.26702 -0.131515 -0.0155367 0.961243 0.136469 -0.258349 0.310243 0.84073 0.71741 0.0339026 0.170908 0.177399 0 0 0 0.0974103 0.00115144 -0.541164 -0.0180972 0.0627882 0.546311 0.162993 0.0086992 -0.226654 0 -0 -1.0472e-07 0 0 0 
2 2 3 0.0837912 0.25 -1.01708 0.272336 0.25 -0.681114 0 1 0 0 1 0 0.997981 0.0629977 -0.00805132 -0.063492 0.992677 -0.102768 0.00151818 0.103072 0.994673 0.182614 1.2201 -0.98793 0 -0.0635348 -0.00151818 0.103256 0.08493 0.0253405 -0.118533 -0.106064 -0.348282 0.549017 0.135235 0.0190294 -0.488575 0.0016132 0.0231307 1.34252e-05 0 0 0 0.0845967 0.0717639 0.0425368 0.00283929 6.60955e-05 -0.00171027 -0.0466021 0.0340865 -0.173458 0 0 0 0 -0 0 -1.23494 0.0584325 -0.448223 -0.598614 -0.59871 1.0646 0.0327808 0.0636507 0.173018 0 0 0 0.271321 -0.125158 -0.0146022 0.958905 0.129246 -0.264223 0.310813 0.842601 0.73274 0.0174487 0.184775 0.175503 0 0 0 0.0865655 0.000843951 -0.522719 -0.0094324 0.0712237 0.539839 0.0807517 0.00347367 -0.196976 0 -0 -1.0472e-07 0 0 0 
2 2 3 0.084724 0.25 -1.0142 0.274927 0.25 -0.679449 0 1 0 0 1 0 0.998064 0.0620603 0.00420885 -0.0612907 0.992719 -0.103694 -0.0106135 0.103235 0.9946 0.185237 1.21782 -0.972137 0 -0.0613326 0.0106137 0.103425 0.0807181 0.0104784 -0.123775 -0.116871 -0.335203 0.593021 0.120653 0.0161475 -0.48394 0.00161322 0.0231307 1.4106e-05 0 0 0 0.0585772 0.0836564 0.0422425 0.00194873 4.38077e-05 -0.00121271 -0.0363887 0.0210564 -0.17239 0 0 0 0 -0 0 -1.22575 0.0474846 -0.445071 -0.601696 -0.608135 1.0607 0.0199516 0.0646088 0.173095 0 0 0 0.274293 -0.117797 -0.0133957 0.957839 0.118304 -0.273905 0.30814 0.842201 0.750297 -0.00530151 0.203368 0.172508 0 0 0 0.077928 0.00454956 -0.51142 -0.00552513 0.0777092 0.543673 -0.00761811 0.000608808 -0.168459 0 -0 -1.0472e-07 0 0 0 
2 2 3 0.0854971 0.25 -1.01048 0.27635 0.25 -0.678453 0 1 0 0 1 0 0.997988 0.0602513 0.0197384 -0.0576754 0.992028 -0.112047 -0.026332 0.110683 0.993507 0.188101 1.2164 -0.957352 0 -0.0577275 0.0263351 0.110949 0.0725849 -0.00951764 -0.148839 -0.126954 -0.314772 0.655816 0.10535 0.0126565 -0.467673 0.00161324 0.0231307 1.47694e-05 0 0 0 0.0334977 0.0898963 0.0360139 0.000768843 1.77849e-05 -0.000529044 -0.0284154 0.00479235 -0.167695 0 0 0 0 -0 0 -1.22039 0.0332077 -0.439295 -0.611479 -0.619344 1.06193 0.0112098 0.064745 0.173138 0 0 0 0.274162 -0.118626 -0.0135418 0.950176 0.119522 -0.275731 0.30543 0.842262 0.748086 -0.00111206 0.201324 0.173091 0 0 0 0.0670034 0.00626089 -0.512784 -0.00260632 0.0762461 0.554868 -0.0973325 -0.000207489 -0.150956 0 -0 -1.0472e-07 0 0 0 
2 2 3 0.0866207 0.25 -1.00585 0.276845 0.25 -0.677808 0 1 0 0 1 0 0.997693 0.057911 0.0354135 -0.0532935 0.991373 -0.11975 -0.0420428 0.117586 0.992172 0.191322 1.2155 -0.943162 0 -0.053366 0.0420552 0.117964 0.0601432 -0.0333338 -0.183848 -0.130527 -0.288114 0.733151 0.0843165 0.00782626 -0.432861 0.00161325 0.0231307 1.54154e-05 0 0 0 0.00722825 0.0924668 0.0311928 -0.000653298 -1.26013e-05 0.000288241 -0.0203034 -0.0119922 -0.162751 0 0 0 0 -0 0 -1.21337 0.0174576 -0.434387 -0.633921 -0.625975 1.09324 0.0260249 0.0599322 0.173005 0 0 0 0.274307 -0.120038 -0.0138075 0.940843 0.123031 -0.278662 0.311178 0.847467 0.739225 0.00653072 0.195334 0.174124 0 0 0 0.0566796 0.00480613 -0.514704 -0.00305227 0.0693965 0.568271 -0.167184 5.95235e-05 -0.139707 0 -0 -1.0472e-07 0 0 0 
2 2 3 0.0862215 0.25 -0.999696 0.277124 0.25 -0.678165 0 1 0 0 1 0 0.997295 0.054931 0.0488485 -0.0484571 0.990966 -0.125054 -0.0552766 0.122349 0.990947 0.194953 1.21468 -0.929472 0 -0.0485504 0.0553048 0.122845 0.0437181 -0.060058 -0.226995 -0.132607 -0.261519 0.823886 0.0721804 0.00459311 -0.386621 0.00161326 0.0231307 1.60439e-05 0 0 0 -0.0184209 0.0940885 0.0283472 -0.00243194 -4.29176e-05 0.0012525 -0.0139628 -0.0240354 -0.158404 0 0 0 0 -0 0 -1.20455 -0.00176666 -0.429065 -0.66826 -0.633854 1.13237 0.02265 0.0673249 0.173114 0 0 0 0.270747 -0.119757 -0.0135929 0.934303 0.126996 -0.289959 0.322392 0.867046 0.732157 0.0346173 0.179017 0.177626 0 0 0 0.0471363 6.02546e-05 -0.510125 -0.00692123 0.0596382 0.57774 -0.171727 -0.000584751 -0.147585 0 -0 -1.0472e-07 0 0 0 
2 2 3 0.0846495 0.25 -0.989726 0.277118 0.25 -0.678196 0 1 0 0 1 0 0.99686 0.0506403 0.0608769 -0.0424107 0.990659 -0.129603 -0.0668713 0.126614 0.989695 0.198484 1.21386 -0.916583 0 -0.0425186 0.0669212 0.127241 0.0255376 -0.0835561 -0.279898 -0.141116 -0.243547 0.925944 0.0647372 0.0025651 -0.345641 0.00161328 0.0231307 1.66724e-05 0 0 0 -0.043733 0.0901465 0.0234943 -0.0044855 -7.30768e-05 0.00223692 -0.00975545 -0.0300162 -0.151857 0 0 0 0 -0 0 -1.19127 -0.0259072 -0.425384 -0.718029 -0.642352 1.18108 0.00337882 0.0792286 0.173201 0 0 0 0.267557 -0.113415 -0.0123055 0.91974 0.129446 -0.308415 0.346134 0.898867 0.733525 0.0621749 0.166332 0.180721 0 0 0 0.0349745 -0.00297793 -0.503816 -0.0106903 0.0476349 0.584698 -0.166783 -0.00191329 -0.165165 0 -0 -1.0472e-07 0 0 0 
2 2 3 0.0819793 0.25 -0.973047 0.277119 0.25 -0.678172 0 1 0 0 1 0 0.996371 0.0424515 0.0737755 -0.0323595 0.990592 -0.132971 -0.0787262 0.130101 0.98837 0.202016 1.21287 -0.904173 0 -0.032466 0.0788078 0.130879 0.00370782 -0.104736 -0.338854 -0.15805 -0.234116 1.02642 0.0878126 0.00355328 -0.306904 0.00161329 0.0231307 1.72834e-05 0 0 0 -0.071602 0.0811646 0.0175204 -0.00651856 -0.000102799 0.00300991 -0.00666692 -0.032843 -0.146329 0 0 0 0 -0 0 -1.17247 -0.0553789 -0.426018 -0.780291 -0.649831 1.23439 -0.0177664 0.0908953 0.173044 0 0 0 0.2696 -0.113074 -0.0123306 0.89013 0.146094 -0.33251 0.392047 0.930259 0.754431 0.080739 0.157618 0.182604 0 0 0 0.0207724 -0.0138588 -0.497073 -0.0116212 0.0416481 0.592407 -0.160738 -0.00320474 -0.183779 0 -0 -1.0472e-07 0 0 0 
1 3 0.277054 0.25 -0.678508 0 1 0 0.995679 0.0321176 0.0871323 -0.0210384 0.991907 -0.125214 -0.0904487 0.12284 0.988296 0.205724 1.21168 -0.891194 0 -0.0211266 0.0905724 0.12366 -0.0218185 -0.12004 -0.384583 -0.174868 -0.229293 1.10816 0.109723 0.0042772 -0.282713 0.00161331 0.0231307 1.7877e-05 0 0 0 -0.0961023 0.0721096 0.0254289 -0.00831072 -0.00127293 0.00351366 9.2599e-05 -0.0406716 -0.143371 0 0 0 0 -0 0 -1.14548 -0.114397 -0.435986 -0.849001 -0.661181 1.31239 0.0888525 0.0622699 0.172662 0 0 0 0.272113 -0.116576 -0.0130753 0.850426 0.182585 -0.361083 0.454426 0.954975 0.794311 0.0661413 0.161931 0.181053 0 0 0 0.00565432 -0.028979 -0.475181 -0.0102951 0.0392479 0.596951 -0.157404 -0.00442523 -0.201678 0 -0 -1.0472e-07 0 0 0 
1 3 0.2771 0.25 -0.678542 0 1 0 0.994607 0.0239622 0.100906 -0.0119456 0.992936 -0.118048 -0.103022 0.116206 0.987868 0.208993 1.21092 -0.878667 0 -0.0120098 0.103205 0.117095 -0.0430619 -0.127312 -0.429616 -0.187218 -0.225715 1.16238 0.12518 0.00532324 -0.280752 0.00161332 0.0231307 1.84531e-05 0 0 0 -0.11497 0.0607853 0.0318392 -0.00967718 -0.0045407 0.00386867 0.0107919 -0.0510239 -0.138186 0 0 0 0 -0 0 -1.11089 -0.190462 -0.445257 -0.92485 -0.682607 1.39994 0.209056 0.0429859 0.169917 0 0 0 0.272252 -0.118986 -0.0135212 0.805137 0.222364 -0.397481 0.528141 0.983419 0.843305 0.0394383 0.166914 0.178 0 0 0 -0.00739273 -0.0423256 -0.453122 -0.00866616 0.0374794 0.598079 -0.156144 -0.00551765 -0.217388 0 -0 -1.0472e-07 0 0 0 
1 3 0.277952 0.25 -0.678112 0 1 0 0.9928 0.0249387 0.117157 -0.0126054 0.994407 -0.104857 -0.119116 0.102625 0.987562 0.211489 1.21212 -0.865783 0 -0.0126961 0.1194 0.103546 -0.0522074 -0.124951 -0.458386 -0.184149 -0.227733 1.17307 0.116556 0.00576468 -0.301376 0.00161333 0.0231307 1.90117e-05 0 0 0 -0.118161 0.0465744 0.0439937 -0.0102384 -0.0096829 0.00399783 0.0199352 -0.0642314 -0.13333 0 0 0 0 -0 0 -1.07059 -0.279771 -0.457405 -1.00776 -0.713833 1.50428 0.340693 0.044638 0.168109 0 0 0 0.266921 -0.119461 -0.0133647 0.756885 0.26441 -0.439084 0.618093 1.01582 0.913258 -0.0115103 0.182067 0.171773 0 0 0 -0.00883763 -0.0505336 -0.420539 -0.010777 0.0325202 0.590356 -0.158379 -0.0064053 -0.228189 0 -0 -1.0472e-07 0 0 0 
1 3 0.277828 0.25 -0.678139 0 1 0 0.991304 0.0271403 0.128759 -0.0150103 0.995435 -0.0942586 -0.130729 0.0915063 0.987186 0.212833 1.21461 -0.852742 0 -0.0151408 0.131104 0.09243 -0.0583634 -0.109543 -0.482166 -0.1733 -0.238446 1.14538 0.103605 0.00533662 -0.315843 0.00161335 0.0231307 1.95704e-05 0 0 0 -0.11634 0.0372182 0.0530938 -0.0100371 -0.0164115 0.00401127 0.0287206 -0.0762964 -0.127381 0 0 0 0 -0 0 -1.02757 -0.369903 -0.474508 -1.09228 -0.747551 1.62734 0.475902 0.0699059 0.172168 0 0 0 0.265261 -0.126964 -0.0146311 0.691985 0.338878 -0.471283 0.687235 1.0358 0.961301 -0.060848 0.199355 0.164925 0 0 0 -0.00832272 -0.0496684 -0.386224 -0.0164528 0.023845 0.575499 -0.157487 -0.00699194 -0.236802 0 -0 -1.0472e-07 0 0 0 
1 3 0.278114 0.25 -0.678055 0 1 0 0.988747 0.0374991 0.144822 -0.0242645 0.995455 -0.0920932 -0.147618 0.0875428 0.985163 0.213542 1.2185 -0.841086 0 -0.0245358 0.148159 0.0886284 -0.0538601 -0.0930383 -0.505947 -0.157589 -0.250933 1.07774 0.11592 0.00687482 -0.323726 0.00161334 0.0231307 2.01116e-05 0 0 0 -0.103146 0.022309 0.0540085 -0.00909746 -0.0244098 0.0036456 0.0388803 -0.0899991 -0.119953 0 0 0 0 -0 0 -0.97824 -0.482048 -0.502164 -1.17241 -0.786401 1.75824 0.590501 0.117606 0.186486 0 0 0 0.259404 -0.125363 -0.0140598 0.62374 0.418023 -0.510282 0.751565 1.0602 1.01232 -0.116378 0.201989 0.157167 0 0 0 0.00262659 -0.0494893 -0.359937 -0.024722 0.015554 0.552782 -0.154888 -0.00693438 -0.23788 0 -0 -1.0472e-07 0 0 0 
1 3 0.278769 0.25 -0.677486 0 1 0 0.985551 0.0540497 0.160524 -0.0391215 0.994733 -0.0947445 -0.164799 0.0870956 0.982474 0.213254 1.22373 -0.830086 0 -0.0396742 0.165554 0.0884181 -0.0409308 -0.0709213 -0.52393 -0.137977 -0.264697 0.974117 0.117595 0.00699704 -0.323011 0.00161335 0.0231307 2.06353e-05 0 0 0 -0.0807868 0.00441979 0.0488796 -0.00756815 -0.0331314 0.00287889 0.0454342 -0.0972646 -0.113526 0 0 0 0 -0 0 -0.925157 -0.594011 -0.540937 -1.24124 -0.827318 1.88891 0.645643 0.186836 0.211215 0 0 0 0.248925 -0.118175 -0.0123264 0.562136 0.496525 -0.552974 0.805951 1.0918 1.07256 -0.172245 0.204988 0.149158 0 0 0 0.0232764 -0.0469683 -0.3351 -0.0370437 0.00664175 0.519623 -0.138435 -0.00637355 -0.24263 0 -0 -1.0472e-07 0 0 0 
1 3 0.279331 0.25 -0.676679 0 1 0 0.9826 0.0716543 0.171356 -0.0541821 0.993042 -0.104557 -0.177656 0.0934529 0.979645 0.212534 1.22962 -0.820744 0 -0.0550857 0.178604 0.0951068 -0.0255491 -0.0417348 -0.54315 -0.114818 -0.259415 0.856755 0.120372 0.00708922 -0.319843 0.00161337 0.0231307 2.11416e-05 0 0 0 -0.0551791 -0.00884688 0.0379045 -0.00596182 -0.0417323 0.00186382 0.0448554 -0.100217 -0.110749 0 0 0 0 -0 0 -0.852319 -0.702072 -0.584468 -1.26892 -0.872622 1.99503 0.681014 0.260226 0.239969 0 0 0 0.239131 -0.1137 -0.0111486 0.48657 0.596215 -0.584195 0.813968 1.12455 1.0894 -0.214999 0.204525 0.143189 0 0 0 0.0449653 -0.0389794 -0.319173 -0.0497919 -0.00297163 0.483954 -0.123411 -0.00549459 -0.24162 0 -0 -1.0472e-07 0 0 0 
1 3 0.28005 0.25 -0.675132 0 1 0 0.980498 0.0823272 0.178452 -0.0614271 0.990915 -0.119641 -0.18668 0.106346 0.976648 0.211427 1.23458 -0.812052 0 -0.0625671 0.187782 0.108461 -0.0243988 -0.00181624 -0.56132 -0.0984681 -0.256161 0.744909 0.112099 0.0054991 -0.303572 0.00161338 0.0231307 2.16479e-05 0 0 0 -0.0367194 -0.0192132 0.0219156 -0.00472612 -0.0489657 0.00109184 0.0444324 -0.0982476 -0.10784 0 0 0 0 -0 0 -0.766665 -0.807301 -0.638518 -1.24354 -0.916915 2.06032 0.69128 0.332001 0.267707 0 0 0 0.231892 -0.105287 -0.00948354 0.394533 0.704647 -0.619234 0.782648 1.14004 1.06407 -0.251012 0.205207 0.13802 0 0 0 0.0581787 -0.0300661 -0.312274 -0.0596011 -0.0162908 0.450581 -0.120213 -0.00469247 -0.23004 0 -0 -1.0472e-07 0 0 0 
1 3 0.280921 0.25 -0.673438 0 1 0 0.977187 0.0881781 0.193209 -0.0647282 0.990106 -0.124498 -0.202276 0.109151 0.973227 0.210575 1.23781 -0.802181 0 -0.0661427 0.203681 0.111687 -0.0182652 0.0176455 -0.558226 -0.0756895 -0.226692 0.648515 0.076431 0.00221002 -0.295881 0.00161339 0.0231307 2.21367e-05 0 0 0 -0.020926 -0.0334929 0.0172985 -0.00319475 -0.0545302 0.000380017 0.0437143 -0.102422 -0.10424 0 0 0 0 -0 0 -0.644081 -0.906149 -0.700771 -1.17009 -0.972277 2.05518 0.674064 0.398053 0.289344 0 0 0 0.227163 -0.100704 -0.00857538 0.291233 0.804058 -0.666291 0.737414 1.15047 1.03067 -0.29002 0.190625 0.134608 0 0 0 0.0670858 -0.030891 -0.29722 -0.0667386 -0.0184359 0.425461 -0.101905 -0.00375637 -0.228916 0 -0 -1.0472e-07 0 0 0 
1 3 0.281892 0.25 -0.671505 0 1 0 0.974537 0.0869912 0.206664 -0.0627963 0.990678 -0.120887 -0.215254 0.104831 0.970915 0.208487 1.23903 -0.790074 0 -0.0643481 0.216952 0.107555 -0.0127232 0.0332265 -0.540228 -0.0642702 -0.205579 0.58089 0.032125 -0.00143549 -0.291502 0.0016134 0.0231307 2.26081e-05 0 0 0 -0.0106982 -0.0412816 0.0241499 -0.00138576 -0.0563207 -2.74801e-05 0.0415057 -0.106279 -0.104281 0 0 0 0 -0 0 -0.501238 -0.983829 -0.76369 -1.0251 -1.01116 1.96403 0.673137 0.451585 0.308993 0 0 0 0.214205 -0.0940707 -0.00710425 0.193092 0.889322 -0.725721 0.656449 1.14737 0.968277 -0.30835 0.190548 0.132141 0 0 0 0.0700965 -0.0281922 -0.277746 -0.0723771 -0.0260631 0.414945 -0.0908907 -0.00342521 -0.233844 0 -0 -1.0472e-07 0 0 0 
1 3 0.282573 0.25 -0.669458 0 1 0 0.972313 0.0840053 0.21806 -0.0595813 0.991429 -0.116269 -0.225959 0.100057 0.968985 0.205709 1.238 -0.777253 0 -0.0612014 0.227927 0.102895 -0.00841193 0.0493455 -0.523395 -0.0619483 -0.185546 0.551931 0.00621032 -0.00348614 -0.291954 0.00161341 0.0231307 2.3062e-05 0 0 0 -0.00102586 -0.0437016 0.0319164 0.000200082 -0.0557748 -0.000357179 0.0497546 -0.112719 -0.10042 0 0 0 0 -0 0 -0.350363 -1.04989 -0.83489 -0.850829 -1.01956 1.82586 0.683574 0.491359 0.326404 0 0 0 0.201988 -0.0918339 -0.00638537 0.0796186 0.965927 -0.784727 0.526667 1.13291 0.86175 -0.308708 0.187924 0.132501 0 0 0 0.0688296 -0.0235469 -0.269082 -0.0719022 -0.04011 0.429533 -0.100841 -0.00419284 -0.239854 0 -0 -1.0472e-07 0 0 0 
2 2 3 0.138846 0.25 -0.452728 0.282711 0.25 -0.666931 0 1 0 0 1 0 0.969311 0.0818568 0.231807 -0.0587653 0.992752 -0.104835 -0.238709 0.087996 0.967096 0.202519 1.23551 -0.763112 0 -0.0605517 0.241036 0.0907401 -0.00842397 0.0679298 -0.498221 -0.0638661 -0.205165 0.544307 -0.0108293 -0.00488118 -0.295645 0.00161342 0.0231307 2.35159e-05 0 0 0 0.0112818 -0.0454893 0.0472311 0.00232729 -0.0542352 -0.000796885 0.0495725 -0.120104 -0.100455 0 0 0 0 -0 0 -0.179385 -1.0956 -0.90741 -0.652312 -1.03331 1.62567 0.673455 0.514242 0.332607 0 0 0 0.19091 -0.0880203 -0.00550798 -0.0437105 1.02228 -0.866728 0.423831 1.09654 0.784811 -0.31851 0.167775 0.134423 0 0 0 0.0684811 -0.0222465 -0.262761 -0.0680531 -0.0524851 0.465165 -0.117673 -0.00556539 -0.24882 0 -0 -1.0472e-07 0 0 0 
2 2 3 0.139992 0.25 -0.45028 0.281926 0.25 -0.663284 0 1 0 0 1 0 0.966096 0.080874 0.245188 -0.0591559 0.993747 -0.0946947 -0.251313 0.0769799 0.96484 0.198937 1.23167 -0.749264 0 -0.0611555 0.254037 0.0796165 0.00483017 0.0558143 -0.480143 -0.0679442 -0.20216 0.559429 -0.0229623 -0.00617364 -0.312764 0.00161343 0.0231307 2.39523e-05 0 0 0 0.0267279 -0.0438479 0.0648249 0.00455492 -0.0513617 -0.00139893 0.0477447 -0.129242 -0.104051 0 0 0 0 -0 0 0.00641444 -1.12677 -0.975304 -0.446311 -1.01967 1.38755 0.683883 0.529406 0.341118 0 0 0 0.183093 -0.0924951 -0.00589139 -0.173143 1.07048 -0.955033 0.321034 1.04973 0.710388 -0.316666 0.143254 0.138564 0 0 0 0.0684502 -0.0204982 -0.271024 -0.0676689 -0.0671923 0.526326 -0.0987731 -0.00569178 -0.276782 0 -0 -1.0472e-07 0 0 0 
2 2 3 0.138371 0.25 -0.448053 0.281501 0.25 -0.659606 0 1 0 0 1 0 0.962319 0.0877756 0.257367 -0.0653701 0.993388 -0.0943727 -0.263949 0.0739926 0.961694 0.194814 1.22815 -0.737494 0 -0.0678256 0.267114 0.0767885 0.0197874 0.0513209 -0.476517 -0.0806602 -0.21372 0.579107 -0.0132379 -0.00554957 -0.331803 0.00161344 0.0231307 2.43713e-05 0 0 0 0.0488603 -0.0391558 0.0771129 0.00689393 -0.0475491 -0.00222493 0.0486851 -0.136402 -0.111463 0 0 0 0 -0 0 0.18218 -1.14759 -1.05929 -0.289676 -0.978515 1.19198 0.700447 0.527367 0.344701 0 0 0 0.172478 -0.0936049 -0.00570554 -0.281689 1.09688 -1.03431 0.235759 0.999521 0.654559 -0.305604 0.123759 0.142793 0 0 0 0.0746692 -0.0161633 -0.302512 -0.0702267 -0.0920419 0.60421 -0.0836935 -0.00479773 -0.282022 0 -0 -1.0472e-07 0 0 0 
2 2 3 0.137964 0.25 -0.447674 0.282537 0.25 -0.654082 0 1 0 0 1 0 0.958434 0.0997692 0.267304 -0.0756165 0.99219 -0.0992007 -0.275113 0.0748647 0.958493 0.191047 1.22528 -0.72738 0 -0.0787328 0.278707 0.0779485 0.0348746 0.0500537 -0.481054 -0.0845669 -0.216512 0.60239 -0.0188478 -0.00647402 -0.354795 0.00161345 0.0231307 2.47728e-05 0 0 0 0.0729472 -0.0312896 0.0868457 0.00908206 -0.0433236 -0.00306506 0.0544045 -0.145078 -0.117708 0 0 0 0 -0 0 0.346599 -1.15966 -1.1477 -0.186376 -0.92546 1.02394 0.706679 0.500181 0.335508 0 0 0 0.171414 -0.104901 -0.00714416 -0.388926 1.12004 -1.09935 0.159892 0.950238 0.598721 -0.293814 0.098076 0.147779 0 0 0 0.0844999 -0.0110385 -0.347627 -0.0706809 -0.103246 0.688755 -0.0689136 -0.00372148 -0.282843 0 -0 -1.0472e-07 0 0 0 
2 2 3 0.138287 0.25 -0.447422 0.286271 0.25 -0.643816 0 1 0 0 1 0 0.954769 0.111601 0.275612 -0.0850354 0.990663 -0.106564 -0.284931 0.078307 0.955344 0.187368 1.22392 -0.718079 0 -0.0888295 0.288935 0.0817845 0.0507334 0.0425577 -0.484627 -0.0817728 -0.215559 0.615343 -0.0379357 -0.00920908 -0.378762 0.00161346 0.0231307 2.51744e-05 0 0 0 0.0915278 -0.0234291 0.0942561 0.0106926 -0.0385541 -0.00355921 0.0511064 -0.144411 -0.124664 0 0 0 0 -0 0 0.491652 -1.16113 -1.20533 -0.0997455 -0.871696 0.867281 0.719668 0.471376 0.327118 0 0 0 0.172442 -0.104903 -0.0071831 -0.45949 1.12104 -1.14766 0.121375 0.905576 0.573656 -0.284519 0.076184 0.151726 0 0 0 0.0953149 -0.00597859 -0.39518 -0.0633491 -0.0917325 0.756883 -0.0553083 -0.00259755 -0.277957 0 -0 -1.0472e-07 0 0 0 
2 2 3 0.13825 0.25 -0.447772 0.291237 0.25 -0.627915 0 1 0 0 1 0 0.951645 0.120028 0.282781 -0.0903241 0.989148 -0.11588 -0.293621 0.0847344 0.952159 0.183706 1.22408 -0.709011 0 -0.0946302 0.298013 0.088758 0.0686546 0.0241469 -0.485687 -0.0781921 -0.203916 0.618848 -0.0547273 -0.0119972 -0.399716 0.00161345 0.0231307 2.55585e-05 0 0 0 0.101896 -0.0155378 0.101476 0.0115333 -0.0329734 -0.00363823 0.0544451 -0.145095 -0.126646 0 0 0 0 -0 0 0.615321 -1.15352 -1.25243 -0.0515012 -0.824532 0.751843 0.73535 0.445706 0.320237 0 0 0 0.170998 -0.108482 -0.00759496 -0.487311 1.11515 -1.16955 0.094781 0.870836 0.548451 -0.266853 0.0676132 0.154228 0 0 0 0.101735 -0.000490896 -0.4395 -0.0492327 -0.0711712 0.800037 -0.0677761 -0.00335645 -0.272856 0 -0 -1.0472e-07 0 0 0 
2 2 3 0.138524 0.25 -0.44844 0.296352 0.25 -0.605393 0 1 0 0 1 0 0.949165 0.12682 0.2881 -0.0933233 0.987474 -0.12722 -0.300626 0.0938664 0.949112 0.180482 1.22613 -0.700343 0 -0.0980064 0.305349 0.0985787 0.077874 0.0211771 -0.483076 -0.0736812 -0.202259 0.609581 -0.0741053 -0.0149174 -0.407033 0.00161346 0.0231307 2.59251e-05 0 0 0 0.103901 -0.00948674 0.105227 0.0114855 -0.0265863 -0.00333388 0.0541372 -0.141974 -0.126085 0 0 0 0 -0 0 0.691602 -1.14632 -1.30952 -0.0545419 -0.787755 0.72291 0.7447 0.41519 0.309667 0 0 0 0.170623 -0.110981 -0.00790513 -0.47371 1.10568 -1.15719 0.0842699 0.846127 0.571482 -0.283507 0.0608755 0.153984 0 0 0 0.1051 0.00534377 -0.476987 -0.0324421 -0.0437743 0.809957 -0.0945098 -0.00489764 -0.265014 0 -0 -1.0472e-07 0 0 0 
3 0 2 3 0.0843255 1.73495 0.0899228 0.138568 0.25 -0.448672 0.302513 0.25 -0.573964 0 0.5997 -0.8002 0 1 0 0 1 0 0.947717 0.129888 0.291482 -0.092345 0.985962 -0.139108 -0.305459 0.104918 0.946407 0.177986 1.22993 -0.691688 0 -0.0971328 0.31042 0.110409 0.0840072 0.0131723 -0.476998 -0.0659277 -0.196594 0.590445 -0.0855611 -0.016702 -0.41114 0.00161347 0.0231307 2.62917e-05 0 0 0 0.0977732 -0.00411541 0.10725 0.0103157 -0.0192931 -0.00276534 0.0505007 -0.134413 -0.122397 0 0 0 0 -0 0 0.742318 -1.13727 -1.3514 -0.0685386 -0.762644 0.715011 0.752313 0.387197 0.299572 0 0 0 0.169203 -0.111234 -0.00788017 -0.423974 1.09055 -1.11206 0.0833409 0.841203 0.624623 -0.350459 0.0525293 0.150821 0 0 0 0.103601 0.0121374 -0.503807 -0.0148859 -0.0030659 0.78134 -0.124192 -0.00695076 -0.266712 0 -0 -1.0472e-07 0 0 0 
2 0 2 0.080829 1.7364 0.0910079 0.13811 0.25 -0.448382 0 0.5997 -0.8002 0 1 0 0.94646 0.131856 0.294664 -0.0894584 0.984161 -0.153051 -0.310177 0.118497 0.943265 0.175985 1.23443 -0.683219 0 -0.0942389 0.315379 0.124969 0.087897 0.00528886 -0.47171 -0.0601487 -0.193275 0.56711 -0.0881881 -0.0172433 -0.414513 0.00161347 0.0231307 2.66409e-05 0 0 0 0.0870638 -0.00257526 0.105208 0.0083316 -0.0108215 -0.0020701 0.039062 -0.121724 -0.116852 0 0 0 0 -0 0 0.768712 -1.12889 -1.37823 -0.0838868 -0.74675 0.719933 0.755223 0.359432 0.288594 0 0 0 0.171335 -0.106599 -0.00736268 -0.350575 1.07076 -1.04149 0.0629031 0.860814 0.6724 -0.413652 0.0379702 0.149715 0 0 0 0.0950731 0.0227018 -0.523466 -0.00511578 0.0341499 0.730055 -0.160052 -0.00957021 -0.269659 0 -0 -1.0472e-07 0 0 0 
