1 3 0.305587 0.25 -0.89028 0 1 0 1 -3.21141e-06 -8.37758e-07 3.21141e-06 1 -2.69038e-12 8.37758e-07 0 1 0.218257 1.25061 -1.07321 0 3.21141e-06 -8.37758e-07 0 0.00111883 -1.69505e-05 -0.0609284 3.13931 3.14121 -3.01636 3.13963 -3.13913 3.07729 0.000806537 0.0115653 9.33814e-06 0 0 0 3.14159 3.14159 3.14157 3.14159 -3.14159 3.14159 0 -0 0 0 0 0 0 -0 0 0.0168861 0.00235013 -0.404706 3.12184 3.13694 -2.91 0.00642753 -2.02705e-05 0.172944 0 0 0 3.14147 3.14159 -3.1378 3.12489 -3.13918 2.73289 0.0197107 -0.0046498 0.231705 3.13515 3.14157 -2.96856 0 0 0 3.14159 3.14157 3.08071 3.14159 -3.14145 -3.01645 3.14158 3.14148 3.07733 0 -0 -1.0472e-07 0 0 0 
1 3 0.303118 0.25 -0.925305 0 1 0 0.998715 0.0425135 -0.0275794 -0.0459102 0.989472 -0.137253 0.0214539 0.138343 0.990152 0.21775 1.24154 -1.07423 0 3.09566 -3.12014 -3.00277 0.0193013 0.0338295 -0.282985 3.03061 -2.80087 -2.54676 0.123555 0.012467 -0.410167 0.00161277 0.0231305 -8.46711e-06 0 0 0 3.11668 3.1133 3.13447 3.13769 -3.1415 -3.14114 0.0678067 0.0380322 -0.260591 0 0 0 0 -0 0 1.86878 3.109 2.66626 2.65783 -2.55053 -2.21171 0.0495974 0.0574614 0.172775 0 0 0 0.246887 -0.150213 -0.0176659 1.06871 0.0081503 -0.211283 0.228593 0.865433 0.62794 0.222107 0.0572574 0.187922 0 0 0 0.0712805 -0.0127886 -0.284319 3.1161 3.00178 -2.77824 2.92641 -3.1307 2.896 0 -0 -1.0472e-07 0 0 0 
2 2 3 0.0879996 0.25 -1.01913 0.303045 0.25 -0.924893 0 1 0 0 1 0 0.998675 0.0393269 -0.0331915 -0.0434478 0.98999 -0.134283 0.0275784 0.135547 0.990387 0.215469 1.2416 -1.07623 0 3.09811 -3.11401 -3.00558 0.0205195 0.0403335 -0.279104 3.02908 -2.80061 -2.55521 0.119797 0.011871 -0.408858 0.00161282 0.0231305 -6.37216e-06 0 0 0 3.11897 3.11345 3.13062 3.13777 -3.1415 -3.14113 0.0694565 0.0281517 -0.247967 0 0 0 0 -0 0 1.86393 3.10506 2.65885 2.64734 -2.54933 -2.18306 0.0567821 0.0490413 0.172475 0 0 0 0.237534 -0.160129 -0.0187282 1.10767 0.00363066 -0.226016 0.174177 0.857792 0.618077 0.23268 0.0808702 0.191375 0 0 0 0.0711253 -0.0105065 -0.282426 3.11643 2.99723 -2.77948 2.92556 -3.13083 2.89772 0 -0 -1.0472e-07 0 0 0 
2 2 3 0.0876569 0.25 -1.02007 0.303129 0.25 -0.924614 0 1 0 0 1 0 0.998516 0.0386912 -0.0383316 -0.0437098 0.989162 -0.140174 0.0324926 0.141642 0.989385 0.212863 1.2413 -1.07953 0 3.09785 -3.10909 -2.9994 0.0226749 0.0462527 -0.291115 3.02639 -2.7999 -2.54959 0.125317 0.0131171 -0.417198 0.00161282 0.0231305 -5.34214e-06 0 0 0 3.12812 3.11423 3.12545 3.13786 -3.1415 -3.14116 0.0665052 0.0369893 -0.245958 0 0 0 0 -0 0 1.86142 3.11439 2.66374 2.65359 -2.54874 -2.19102 0.0570853 0.0497299 0.172491 0 0 0 0.244266 -0.155995 -0.0184788 1.08938 0.00378051 -0.245741 0.186519 0.841669 0.625811 0.231053 0.0721892 0.190243 0 0 0 0.0723454 -0.00215064 -0.296206 3.11909 2.99895 -2.77155 2.92245 -3.13075 2.8986 0 -0 -1.0472e-07 0 0 0 
2 2 3 0.0876682 0.25 -1.02019 0.303104 0.25 -0.924245 0 1 0 0 1 0 0.998416 0.0370311 -0.0423635 -0.0426691 0.989085 -0.14103 0.0366786 0.142614 0.989099 0.209853 1.2412 -1.0817 0 3.09888 -3.10491 -2.99839 0.025096 0.0506573 -0.293353 3.02598 -2.80057 -2.55223 0.119827 0.0126436 -0.422907 0.00161285 0.0231305 -4.31212e-06 0 0 0 3.13558 3.11613 3.12106 3.13797 -3.1415 -3.14118 0.0636261 0.0404687 -0.238927 0 0 0 0 -0 0 1.85755 3.11532 2.65979 2.6476 -2.54853 -2.1806 0.0591726 0.0474177 0.172397 0 0 0 0.245133 -0.156183 -0.0185663 1.09117 0.000121307 -0.259956 0.169091 0.827423 0.624441 0.22965 0.0770468 0.190698 0 0 0 0.073276 0.00295631 -0.301107 3.12077 2.99789 -2.76807 2.91924 -3.13064 2.89931 0 -0 -1.0472e-07 0 0 0 
2 2 3 0.0875509 0.25 -1.02074 0.303097 0.25 -0.92399 0 1 0 0 1 0 0.998374 0.0356049 -0.0445128 -0.041628 0.988894 -0.142676 0.0389385 0.144297 0.988768 0.206437 1.24108 -1.08364 0 3.09992 -3.10264 -2.99668 0.0268822 0.0561679 -0.295614 3.02595 -2.79827 -2.5539 0.117342 0.0127741 -0.432129 0.00161287 0.0231305 -3.31701e-06 0 0 0 0.0034396 0.0225579 -0.0247545 3.13814 -3.14151 -3.14121 0.0595692 0.046197 -0.233533 0 0 0 0 -0 0 1.85487 3.11775 2.65988 2.64301 -2.54843 -2.17402 0.0591304 0.0451458 0.17233 0 0 0 0.247241 -0.155501 -0.0185862 1.08548 -0.00286573 -0.272587 0.160245 0.811856 0.623652 0.220978 0.0704159 0.1893 0 0 0 0.0740393 0.00705658 -0.307886 3.12406 2.99826 -2.76217 2.91352 -3.13039 2.89988 0 -0 -1.0472e-07 0 0 0 
2 2 3 0.0877226 0.25 -1.02111 0.303035 0.25 -0.92346 0 1 0 0 1 0 0.998418 0.0333061 -0.0452905 -0.0392943 0.989581 -0.138508 0.0402055 0.140069 0.989325 0.202481 1.24082 -1.0845 0 3.10226 -3.10138 -3.00095 0.0275384 0.0632055 -0.287556 3.0288 -2.79461 -2.56133 0.109837 0.0120192 -0.439693 0.00161289 0.0231305 -2.32191e-06 0 0 0 0.0132 0.0191409 -0.024029 3.13842 -3.14152 -3.14124 0.0547027 0.052529 -0.227346 0 0 0 0 -0 0 1.85084 3.11849 2.65811 2.63883 -2.5488 -2.17019 0.0611202 0.0409758 0.172173 0 0 0 0.249829 -0.151866 -0.0181294 1.07915 -0.0105699 -0.289617 0.15137 0.796104 0.626924 0.210773 0.0677603 0.188275 0 0 0 0.0738448 0.00971488 -0.307139 3.12767 2.99834 -2.75688 2.90702 -3.13014 2.90082 0 -0 -1.0472e-07 0 0 0 
2 2 3 0.0879537 0.25 -1.02132 0.302896 0.25 -0.922828 0 1 0 0 1 0 0.998383 0.033627 -0.0458367 -0.039393 0.990555 -0.131332 0.0409874 0.132925 0.990278 0.198211 1.24061 -1.08511 0 3.10216 -3.10059 -3.00816 0.0316023 0.0719717 -0.274806 3.03166 -2.79023 -2.57129 0.100395 0.0108706 -0.446602 0.00161291 0.0231305 -1.36172e-06 0 0 0 0.0233708 0.0143005 -0.0227698 3.13895 -3.14153 -3.1413 0.0521123 0.0608227 -0.218612 0 0 0 0 -0 0 1.8517 3.11413 2.6543 2.62998 -2.54955 -2.16214 0.0610044 0.0413906 0.172187 0 0 0 0.256798 -0.145983 -0.0175348 1.0715 -0.0223323 -0.308343 0.145511 0.778687 0.637905 0.194235 0.0700256 0.187309 0 0 0 0.0766173 0.0121535 -0.30504 3.13193 3.00033 -2.74732 2.89931 -3.12968 2.90043 0 -0 -1.0472e-07 0 0 0 
2 2 3 0.0880872 0.25 -1.02159 0.302575 0.25 -0.921397 0 1 0 0 1 0 0.998329 0.0352026 -0.0458251 -0.0407465 0.991157 -0.126287 0.0409743 0.127943 0.990935 0.194035 1.23993 -1.0862 0 3.1008 -3.10061 -3.01319 0.0372572 0.0796486 -0.265932 3.03359 -2.78805 -2.57936 0.0964177 0.0103896 -0.45004 0.00161294 0.0231305 -4.01533e-07 0 0 0 0.0357886 0.00965216 -0.0242914 3.13978 -3.14155 -3.14141 0.0477596 0.0708406 -0.209127 0 0 0 0 -0 0 1.85289 3.1092 2.65538 2.62592 -2.54773 -2.16199 0.0601132 0.0427427 0.172243 0 0 0 0.267757 -0.129265 -0.0151694 1.05389 -0.055715 -0.337491 0.171692 0.785013 0.663577 0.176147 0.0547131 0.184647 0 0 0 0.0797131 0.0153077 -0.312586 3.13867 3.00484 -2.72638 2.88974 -3.12904 2.89946 0 -0 -1.0472e-07 0 0 0 
2 2 3 0.0882342 0.25 -1.02216 0.302076 0.25 -0.919405 0 1 0 0 1 0 0.998298 0.0389203 -0.0434393 -0.0439777 0.991518 -0.122302 0.0383108 0.124004 0.991542 0.190351 1.23859 -1.08718 0 3.09757 -3.10327 -3.01718 0.0435835 0.0880805 -0.259691 3.03442 -2.78261 -2.58236 0.0957891 0.0105239 -0.455546 0.00161296 0.0231305 5.41197e-07 0 0 0 0.0515695 0.00425701 -0.0260081 3.14089 -3.14157 -3.14154 0.0421219 0.0800692 -0.200675 0 0 0 0 -0 0 1.85336 3.1045 2.65789 2.62383 -2.54645 -2.16298 0.0627895 0.0412741 0.172154 0 0 0 0.276826 -0.113469 -0.0127095 1.03975 -0.0873515 -0.366504 0.199117 0.792298 0.689731 0.169841 0.0463441 0.183527 0 0 0 0.0849197 0.0150875 -0.328763 0.00515318 0.131807 0.449161 2.8757 -3.128 2.89739 0 -0 -1.0472e-07 0 0 0 
2 2 3 0.0884874 0.25 -1.02264 0.300578 0.25 -0.915487 0 1 0 0 1 0 0.998084 0.046843 -0.0404352 -0.0513731 0.991512 -0.119432 0.0344975 0.12128 0.992019 0.187065 1.23601 -1.0884 0 3.09017 -3.10709 -3.01994 0.0542422 0.0944189 -0.257592 3.03419 -2.78018 -2.57994 0.0933431 0.010349 -0.460924 0.00161296 0.0231305 1.46647e-06 0 0 0 0.0744289 -0.000417829 -0.027671 0.000893748 3.47321e-06 -0.000162595 0.0339201 0.0878355 -0.193963 0 0 0 0 -0 0 1.85175 3.09951 2.66133 2.62039 -2.54412 -2.16673 0.0643054 0.0442234 0.172225 0 0 0 0.286337 -0.0979434 -0.0101713 1.02575 -0.115321 -0.391122 0.220817 0.799326 0.710847 0.169997 0.0483765 0.183709 0 0 0 0.0949699 0.0160745 -0.358972 0.0102604 0.126213 0.503432 2.89338 -3.12792 2.88841 0 -0 -1.0472e-07 0 0 0 
2 2 3 0.0887124 0.25 -1.02336 0.298677 0.25 -0.910855 0 1 0 0 1 0 0.997666 0.057443 -0.0369073 -0.0615239 0.990731 -0.121108 0.0296084 0.123096 0.991953 0.18457 1.23247 -1.09002 0 3.08 -3.11198 -3.01813 0.0665725 0.0986464 -0.264993 3.03161 -2.77944 -2.56777 0.0914385 0.0105001 -0.472433 0.00161298 0.0231305 2.35682e-06 0 0 0 0.10277 -0.00434646 -0.032832 0.0028199 3.21315e-05 -0.000445425 0.0233687 0.0914929 -0.188028 0 0 0 0 -0 0 1.8493 3.09245 2.66792 2.60918 -2.54184 -2.15811 0.0735154 0.0453278 0.172128 0 0 0 0.292466 -0.0937368 -0.0095728 1.01257 -0.119856 -0.398014 0.222033 0.790537 0.716734 0.169289 0.0590971 0.184572 0 0 0 0.106664 0.0190775 -0.405382 0.0151841 0.116844 0.576298 2.9193 -3.12856 2.87958 0 -0 -1.0472e-07 0 0 0 
2 2 3 0.0889764 0.25 -1.02418 0.297041 0.25 -0.905019 0 1 0 0 1 0 0.997222 0.0669161 -0.0327069 -0.0704951 0.989715 -0.124481 0.0240407 0.126441 0.991683 0.182759 1.22846 -1.091 0 3.07102 -3.11755 -3.01478 0.0769684 0.0983451 -0.275024 3.02948 -2.78079 -2.55216 0.0897525 0.0107513 -0.486028 0.001613 0.0231305 3.24718e-06 0 0 0 0.132223 -0.00651691 -0.035724 0.00461045 6.32856e-05 -0.000776026 0.0108464 0.091388 -0.185272 0 0 0 0 -0 0 1.84414 3.0884 2.67426 2.5938 -2.54282 -2.14465 0.08903 0.042609 0.171782 0 0 0 0.295565 -0.0911469 -0.00917033 0.997489 -0.117341 -0.401826 0.225358 0.784099 0.725102 0.16025 0.0652056 0.184454 0 0 0 0.116724 0.0206231 -0.457964 0.0212611 0.111865 0.655346 2.94609 -3.12961 2.87213 0 -0 -1.0472e-07 0 0 0 
2 2 3 0.0889341 0.25 -1.02472 0.295554 0.25 -0.896172 0 1 0 0 1 0 0.996696 0.0754324 -0.0301108 -0.0786731 0.988758 -0.127154 0.0201807 0.129103 0.991426 0.181347 1.22463 -1.09096 0 3.06282 -3.12141 -3.0121 0.0868087 0.0955691 -0.283849 3.02689 -2.78426 -2.53633 0.0897174 0.0111818 -0.497008 0.00161302 0.0231305 4.12008e-06 0 0 0 0.160076 -0.00775239 -0.034702 0.00623312 9.48935e-05 -0.0011829 3.14148 3.05201 2.95742 0 0 0 0 -0 0 1.84149 3.08387 2.68296 2.57119 -2.5446 -2.12526 0.104321 0.0396947 0.171388 0 0 0 0.294715 -0.0985592 -0.0105804 0.988231 -0.086751 -0.390508 0.201137 0.760983 0.720248 0.149978 0.0852623 0.185233 0 0 0 0.12621 0.021153 -0.51183 0.0291597 0.112782 0.733805 2.97611 -3.13104 2.86402 0 -0 -1.0472e-07 0 0 0 
2 2 3 0.0888307 0.25 -1.02506 0.293212 0.25 -0.885294 0 1 0 0 1 0 0.996185 0.081557 -0.031062 -0.0849099 0.988 -0.129019 0.0201669 0.131164 0.991156 0.180165 1.22145 -1.09026 0 3.05656 -3.12142 -3.01002 0.0945961 0.0922603 -0.290202 3.02608 -2.79002 -2.52405 0.088231 0.0112531 -0.505826 0.00161304 0.0231305 4.99298e-06 0 0 0 0.182944 -0.00477958 -0.0314124 0.00754725 0.000135821 -0.00162401 3.13268 3.05595 2.95826 0 0 0 0 -0 0 1.84124 3.08012 2.69174 2.54576 -2.54776 -2.10373 0.115022 0.040444 0.171246 0 0 0 0.292788 -0.111437 -0.0129976 0.980336 -0.0480106 -0.360255 0.169674 0.743013 0.700474 0.134995 0.100229 0.18504 0 0 0 0.132281 0.0242905 -0.560394 0.0355551 0.113307 0.800626 3.01173 -3.13323 2.85743 0 -0 -1.0472e-07 0 0 0 
2 2 3 0.088762 0.25 -1.02484 0.290792 0.25 -0.870855 0 1 0 0 1 0 0.996148 0.0814435 -0.032496 -0.0847521 0.989329 -0.118511 0.0224973 0.120809 0.992421 0.1794 1.21933 -1.0868 0 3.05672 -3.11909 -3.02046 0.0972886 0.0833397 -0.274961 3.03004 -2.79874 -2.5242 0.08538 0.0109384 -0.511741 0.00161306 0.0231305 5.83096e-06 0 0 0 0.19413 -0.0022355 -0.0158141 0.00831624 0.0001738 -0.00203488 3.12532 3.05818 2.96135 0 0 0 0 -0 0 1.84395 3.0737 2.6921 2.51657 -2.55612 -2.07614 0.126634 0.0383699 0.170917 0 0 0 0.291494 -0.124184 -0.0153967 0.974369 -0.00790626 -0.329386 0.151078 0.730795 0.687159 0.115346 0.115275 0.184185 0 0 0 0.130652 0.0243598 -0.581847 0.0415459 0.114475 0.838973 3.02054 -3.13399 2.85913 0 -0 -1.0472e-07 0 0 0 
2 2 3 0.089043 0.25 -1.02452 0.287392 0.25 -0.851019 0 1 0 0 1 0 0.996232 0.0788465 -0.0361333 -0.0823242 0.990754 -0.107835 0.0272968 0.110404 0.993512 0.1787 1.21868 -1.08206 0 3.05914 -3.11429 -3.03092 0.0978659 0.0738724 -0.254965 3.03683 -2.81003 -2.53269 0.0775964 0.00937933 -0.509711 0.00161308 0.0231305 6.65148e-06 0 0 0 0.197171 0.00187995 0.000551857 0.00861072 0.000193626 -0.00243587 3.11875 3.05673 2.96433 0 0 0 0 -0 0 1.84925 3.06826 2.68806 2.49608 -2.56518 -2.05583 0.129971 0.0341766 0.170584 0 0 0 0.291017 -0.129125 -0.0163239 0.970354 0.0176704 -0.305515 0.154714 0.743644 0.682284 0.0995995 0.115875 0.18272 0 0 0 0.131617 0.0188483 -0.593654 0.0399219 0.12132 0.851103 3.0208 -3.13395 2.8581 0 -0 -1.0472e-07 0 0 0 
1 2 0.0886872 0.25 -1.02399 0 1 0 0.996395 0.0742912 -0.0409711 -0.0779966 0.992143 -0.0978236 0.0333818 0.100666 0.99436 0.178053 1.2189 -1.07625 0 3.06347 -3.1082 -3.0407 0.0951781 0.0677537 -0.232447 3.04313 -2.8156 -2.54593 0.0747877 0.00879693 -0.508235 0.00161308 0.0231305 7.47201e-06 0 0 0 0.198663 0.00962174 0.0207503 0.00854542 0.000217956 -0.00282499 3.10645 3.05666 2.96316 0 0 0 0 -0 0 1.85297 3.06848 2.68995 2.48443 -2.56771 -2.05102 0.120896 0.0357148 0.17086 0 0 0 0.287091 -0.14094 -0.0183738 0.963057 0.0528567 -0.268565 0.164442 0.76146 0.661609 0.0896116 0.118395 0.181882 0 0 0 0.132846 0.0105933 -0.59818 0.0306474 0.124558 0.842591 3.03189 -3.13514 2.8653 0 -0 -1.0472e-07 0 0 0 
1 2 0.0883827 0.25 -1.02366 0 1 0 0.996489 0.0697967 -0.0462294 -0.0739511 0.992701 -0.0952698 0.0392425 0.0983541 0.994377 0.177731 1.22009 -1.0705 0 3.06752 -3.10234 -3.043 0.0912159 0.0658139 -0.217379 3.04893 -2.81729 -2.5604 0.0731215 0.00841104 -0.506003 0.0016131 0.0231307 8.25762e-06 0 0 0 0.196147 0.0200568 0.0323743 0.00807284 0.000232581 -0.00308262 3.09871 3.06469 2.96462 0 0 0 0 -0 0 1.85506 3.06885 2.68833 2.48276 -2.5701 -2.04649 0.115342 0.0387833 0.171144 0 0 0 0.281433 -0.154008 -0.0205039 0.961983 0.0850953 -0.236397 0.176364 0.781172 0.642908 0.082034 0.119816 0.18121 0 0 0 0.134166 0.00370433 -0.602388 0.0135529 0.12085 0.813086 3.08566 -3.1391 2.87058 0 -0 -1.0472e-07 0 0 0 
1 2 0.0877915 0.25 -1.02342 0 1 0 0.996671 0.0649146 -0.0493258 -0.0694321 0.992938 -0.0961926 0.0427332 0.0992972 0.99414 0.177658 1.22177 -1.06347 0 3.07204 -3.09885 -3.04204 0.0866865 0.061308 -0.202526 3.05474 -2.81831 -2.57877 0.0732876 0.00838595 -0.504205 0.00161312 0.0231307 9.04322e-06 0 0 0 0.189946 0.0293284 0.0397387 0.00735586 0.000222825 -0.00321395 3.08995 3.07184 2.96585 0 0 0 0 -0 0 1.85693 3.06987 2.68804 2.4908 -2.57087 -2.04757 0.1098 0.0405735 0.171341 0 0 0 0.275043 -0.158331 -0.0208943 0.961152 0.109347 -0.228157 0.206399 0.799129 0.649818 0.067494 0.122182 0.179878 0 0 0 0.133919 -0.00419148 -0.604726 3.13705 3.02782 -2.37287 0.00546609 0.00168052 -0.264774 0 -0 -1.0472e-07 0 0 0 
1 2 0.0874661 0.25 -1.02309 0 1 0 0.996583 0.0638826 -0.0523541 -0.0691862 0.991882 -0.106693 0.0451133 0.109951 0.992913 0.17766 1.22386 -1.05643 0 3.07228 -3.09646 -3.03131 0.0857985 0.0629703 -0.19944 3.05841 -2.8153 -2.59428 0.072694 0.00819858 -0.501757 0.00161314 0.0231307 9.81137e-06 0 0 0 0.18363 0.0405197 0.0375269 0.00650794 0.00020237 -0.00321636 3.08415 3.08068 2.96541 0 0 0 0 -0 0 1.86034 3.07372 2.69459 2.50862 -2.5673 -2.05446 0.105008 0.0410002 0.171444 0 0 0 0.267516 -0.159424 -0.0205964 0.96214 0.130226 -0.227799 0.238728 0.813127 0.658272 0.058218 0.125777 0.179071 0 0 0 0.136708 -0.00865357 -0.61259 3.12116 3.03737 -2.42378 0.0728473 0.00597073 -0.261542 0 -0 -1.0472e-07 0 0 0 
1 2 0.0866498 0.25 -1.02238 0 1 0 0.996744 0.0634793 -0.0497265 -0.0686866 0.991425 -0.111168 0.0422433 0.114221 0.992557 0.177885 1.22523 -1.04659 0 3.07279 -3.09934 -3.02702 0.0850142 0.0633552 -0.185217 3.06072 -2.80516 -2.61186 0.0826066 0.0100199 -0.501043 0.00161316 0.0231307 1.05621e-05 0 0 0 0.175025 0.0480437 0.0399616 0.00567734 0.00017893 -0.00306859 3.07839 3.08946 2.96448 0 0 0 0 -0 0 1.86381 3.07751 2.6999 2.52351 -2.56176 -2.05876 0.0920083 0.0491436 0.172037 0 0 0 0.259542 -0.160765 -0.0203043 0.963072 0.148009 -0.224002 0.265044 0.824174 0.659697 0.0516056 0.129171 0.178497 0 0 0 0.130662 -0.00922408 -0.604966 3.11465 3.05527 -2.47888 0.148659 0.0105926 -0.258421 0 -0 -1.0472e-07 0 0 0 
2 2 3 0.086316 0.25 -1.02167 0.265567 0.25 -0.708755 0 1 0 0 1 0 0.996909 0.0642587 -0.0451991 -0.0690777 0.990996 -0.114693 0.0374222 0.117461 0.992372 0.178698 1.22564 -1.03497 0 3.07241 -3.10416 -3.02378 0.0858767 0.0586661 -0.170672 3.06171 -2.80083 -2.62328 0.088247 0.010997 -0.499197 0.00161317 0.0231307 1.12953e-05 0 0 0 0.15627 0.0556444 0.0354292 0.00483408 0.000142401 -0.0027697 3.08119 3.09442 2.96721 0 0 0 0 -0 0 1.87486 3.07535 2.70027 2.53534 -2.56038 -2.05406 0.0896184 0.0518085 0.172187 0 0 0 0.259452 -0.150571 -0.0185004 0.966496 0.147526 -0.239491 0.289931 0.830759 0.678954 0.0449763 0.138507 0.178031 0 0 0 0.121197 -0.00450441 -0.59138 3.11175 3.07251 -2.52999 0.217591 0.0146246 -0.255689 0 -0 -1.0472e-07 0 0 0 
2 2 3 0.0858017 0.25 -1.02053 0.265971 0.25 -0.695183 0 1 0 0 1 0 0.997274 0.0641512 -0.0364477 -0.0678369 0.991502 -0.111008 0.0290166 0.113178 0.993151 0.17966 1.22471 -1.02048 0 3.07367 -3.11257 -3.02812 0.0865063 0.0496322 -0.147706 3.05891 -2.79757 -2.6286 0.0992517 0.0129843 -0.498086 0.00161319 0.0231307 1.20285e-05 0 0 0 0.134588 0.061498 0.0367341 0.00408093 0.000108454 -0.00240934 3.08184 3.09414 2.96769 0 0 0 0 -0 0 1.88518 3.0752 2.69923 2.54359 -2.55379 -2.06594 0.0618643 0.0626107 0.172833 0 0 0 0.260669 -0.138776 -0.0164903 0.966548 0.141302 -0.254084 0.305686 0.836709 0.704687 0.0415665 0.154807 0.178005 0 0 0 0.109251 -0.00120195 -0.5651 3.11412 3.08217 -2.57226 0.226485 0.0141595 -0.247239 0 -0 -1.0472e-07 0 0 0 
2 2 3 0.0851124 0.25 -1.01905 0.26906 0.25 -0.686062 0 1 0 0 1 0 0.997672 0.0640591 -0.0233955 -0.0661906 0.992163 -0.105982 0.0164231 0.107284 0.994093 0.180803 1.22272 -1.00463 0 3.07534 -3.12517 -3.03409 0.0872427 0.0398812 -0.128568 3.04912 -2.79354 -2.61865 0.115138 0.0157889 -0.495652 0.00161321 0.0231307 1.27269e-05 0 0 0 0.110572 0.0659139 0.0399841 0.00346364 8.60445e-05 -0.00206842 3.08741 3.09885 2.9686 0 0 0 0 -0 0 1.89639 3.07629 2.69551 2.54477 -2.54855 -2.07057 0.0478031 0.0615189 0.172888 0 0 0 0.26702 -0.131515 -0.0155367 0.961243 0.136469 -0.258349 0.310243 0.84073 0.71741 0.0339026 0.170908 0.177399 0 0 0 0.0974103 0.00115144 -0.541164 3.1235 3.0788 -2.59528 0.162993 0.0086992 -0.226654 0 -0 -1.0472e-07 0 0 0 
2 2 3 0.0837933 0.25 -1.01707 0.272337 0.25 -0.681112 0 1 0 0 1 0 0.997981 0.0629977 -0.00805132 -0.063492 0.992677 -0.102768 0.00151818 0.103072 0.994673 0.182614 1.2201 -0.98793 0 3.07806 -3.14007 -3.03834 0.08493 0.0253405 -0.118533 3.03553 -2.79331 -2.59258 0.135235 0.0190294 -0.488575 0.0016132 0.0231307 1.34252e-05 0 0 0 0.0845967 0.0717639 0.0425368 0.00283929 6.60955e-05 -0.00171027 3.09499 3.10751 2.96813 0 0 0 0 -0 0 1.90666 3.08316 2.69337 2.54298 -2.54288 -2.077 0.0327808 0.0636507 0.173018 0 0 0 0.271321 -0.125158 -0.0146022 0.958905 0.129246 -0.264223 0.310813 0.842601 0.73274 0.0174487 0.184775 0.175503 0 0 0 0.0865655 0.000843951 -0.522719 3.13216 3.07037 -2.60175 0.0807517 0.00347367 -0.196976 0 -0 -1.0472e-07 0 0 0 
2 2 3 0.0847235 0.25 -1.0142 0.274928 0.25 -0.679447 0 1 0 0 1 0 0.998064 0.0620603 0.00420885 -0.0612907 0.992719 -0.103694 -0.0106135 0.103235 0.9946 0.185237 1.21782 -0.972137 0 3.08026 3.13098 -3.03817 0.0807181 0.0104784 -0.123775 3.02472 -2.80639 -2.54857 0.120653 0.0161475 -0.48394 0.00161322 0.0231307 1.4106e-05 0 0 0 0.0585772 0.0836564 0.0422425 0.00194873 4.38077e-05 -0.00121271 3.1052 3.12054 2.9692 0 0 0 0 -0 0 1.91584 3.09411 2.69652 2.5399 -2.53346 -2.08089 0.0199516 0.0646088 0.173095 0 0 0 0.274293 -0.117797 -0.0133957 0.957839 0.118304 -0.273905 0.30814 0.842201 0.750297 3.13629 2.93822 -2.96908 0 0 0 0.077928 0.00454956 -0.51142 3.13607 3.06388 -2.59792 3.13397 3.14098 2.97313 0 -0 -1.0472e-07 0 0 0 
2 2 3 0.0855019 0.25 -1.01048 0.276356 0.25 -0.678458 0 1 0 0 1 0 0.997988 0.0602513 0.0197384 -0.0576754 0.992028 -0.112047 -0.026332 0.110683 0.993507 0.188101 1.2164 -0.957352 0 3.08387 3.11526 -3.03064 0.0725849 -0.00951764 -0.148839 3.01464 -2.82682 -2.48578 0.10535 0.0126565 -0.467673 0.00161324 0.0231307 1.47694e-05 0 0 0 0.0334977 0.0898963 0.0360139 0.000768843 1.77849e-05 -0.000529044 3.11318 3.1368 2.9739 0 0 0 0 -0 0 1.9212 3.10838 2.7023 2.53011 -2.52225 -2.07966 0.0112098 0.064745 0.173138 0 0 0 0.274162 -0.118626 -0.0135418 0.950176 0.119522 -0.275731 0.30543 0.842262 0.748086 3.14048 2.94027 -2.9685 0 0 0 0.0670034 0.00626089 -0.512784 3.13899 3.06535 -2.58672 3.04426 -3.14139 2.99064 0 -0 -1.0472e-07 0 0 0 
2 2 3 0.0866259 0.25 -1.00585 0.276848 0.25 -0.677808 0 1 0 0 1 0 0.997693 0.057911 0.0354135 -0.0532935 0.991373 -0.11975 -0.0420428 0.117586 0.992172 0.191322 1.2155 -0.943162 0 3.08823 3.09954 -3.02363 0.0601432 -0.0333338 -0.183848 3.01107 -2.85348 -2.40844 0.0843165 0.00782626 -0.432861 0.00161325 0.0231307 1.54154e-05 0 0 0 0.00722825 0.0924668 0.0311928 3.14094 -3.14158 -3.1413 3.12129 -3.1296 2.97884 0 0 0 0 -0 0 1.92822 3.12414 2.70721 2.50767 -2.51562 -2.04835 0.0260249 0.0599322 0.173005 0 0 0 0.274307 -0.120038 -0.0138075 0.940843 0.123031 -0.278662 0.311178 0.847467 0.739225 0.00653072 0.195334 0.174124 0 0 0 0.0566796 0.00480613 -0.514704 3.13854 3.0722 -2.57332 2.97441 3.14153 3.00189 0 -0 -1.0472e-07 0 0 0 
2 2 3 0.0862216 0.25 -0.999692 0.277121 0.25 -0.678164 0 1 0 0 1 0 0.997295 0.054931 0.0488485 -0.0484571 0.990966 -0.125054 -0.0552766 0.122349 0.990947 0.194953 1.21468 -0.929472 0 3.09304 3.08629 -3.01875 0.0437181 -0.060058 -0.226995 3.00899 -2.88007 -2.31771 0.0721804 0.00459311 -0.386621 0.00161326 0.0231307 1.60439e-05 0 0 0 3.12317 3.0475 -3.11325 3.13916 -3.14155 -3.14034 3.12763 -3.11756 2.98319 0 0 0 0 -0 0 1.93705 -3.13983 2.71253 2.47333 -2.50774 -2.00922 0.02265 0.0673249 0.173114 0 0 0 0.270747 -0.119757 -0.0135929 0.934303 0.126996 -0.289959 0.322392 0.867046 0.732157 0.0346173 0.179017 0.177626 0 0 0 0.0471363 6.02546e-05 -0.510125 3.13467 3.08195 -2.56385 2.96987 -3.14101 2.99401 0 -0 -1.0472e-07 0 0 0 
2 2 3 0.0846457 0.25 -0.989727 0.277114 0.25 -0.678195 0 1 0 0 1 0 0.99686 0.0506403 0.0608769 -0.0424107 0.990659 -0.129603 -0.0668713 0.126614 0.989695 0.198484 1.21386 -0.916583 0 3.09907 3.07467 -3.01435 0.0255376 -0.0835561 -0.279898 3.00048 -2.89805 -2.21565 0.0647372 0.0025651 -0.345641 0.00161328 0.0231307 1.66724e-05 0 0 0 3.09786 3.05145 -3.1181 3.13711 -3.14152 -3.13936 3.13184 -3.11158 2.98974 0 0 0 0 -0 0 1.95032 -3.11569 2.71621 2.42356 -2.49924 -1.96051 0.00337882 0.0792286 0.173201 0 0 0 0.267557 -0.113415 -0.0123055 0.91974 0.129446 -0.308415 0.346134 0.898867 0.733525 0.0621749 0.166332 0.180721 0 0 0 0.0349745 -0.00297793 -0.503816 3.1309 3.09396 -2.5569 2.97481 -3.13968 2.97643 0 -0 -1.0472e-07 0 0 0 
2 2 3 0.081979 0.25 -0.973048 0.277123 0.25 -0.678174 0 1 0 0 1 0 0.996371 0.0424515 0.0737755 -0.0323595 0.990592 -0.132971 -0.0787262 0.130101 0.98837 0.202016 1.21287 -0.904173 0 3.10913 3.06278 -3.01071 0.00370782 -0.104736 -0.338854 2.98354 -2.90748 -2.11518 0.0878126 0.00355328 -0.306904 0.00161329 0.0231307 1.72834e-05 0 0 0 3.06999 3.06043 -3.12407 3.13507 -3.14149 -3.13858 3.13493 -3.10875 2.99526 0 0 0 0 -0 0 1.96912 -3.08621 2.71557 2.3613 -2.49176 -1.9072 3.12383 3.0507 -2.96855 0 0 0 0.2696 -0.113074 -0.0123306 0.89013 0.146094 -0.33251 0.392047 0.930259 0.754431 0.080739 0.157618 0.182604 0 0 0 0.0207724 -0.0138588 -0.497073 3.12997 3.09994 -2.54919 2.98085 -3.13839 2.95781 0 -0 -1.0472e-07 0 0 0 
1 3 0.277059 0.25 -0.678511 0 1 0 0.995679 0.0321176 0.0871323 -0.0210384 0.991907 -0.125214 -0.0904487 0.12284 0.988296 0.205724 1.21168 -0.891194 0 3.12047 3.05102 -3.01793 3.11977 -3.02155 2.75701 2.96673 -2.9123 -2.03344 0.109723 0.0042772 -0.282713 0.00161331 0.0231307 1.7877e-05 0 0 0 3.04549 3.06948 -3.11616 3.13328 -3.14032 -3.13808 9.2599e-05 -0.0406716 -0.143371 0 0 0 0 -0 0 1.99612 -3.0272 2.70561 2.29259 -2.48041 -1.8292 0.0888525 0.0622699 0.172662 0 0 0 0.272113 -0.116576 -0.0130753 0.850426 0.182585 -0.361083 0.454426 0.954975 0.794311 0.0661413 0.161931 0.181053 0 0 0 0.00565432 -0.028979 -0.475181 3.1313 3.10234 -2.54464 2.98419 -3.13717 2.93991 0 -0 -1.0472e-07 0 0 0 
1 3 0.2771 0.25 -0.678541 0 1 0 0.994607 0.0239622 0.100906 -0.0119456 0.992936 -0.118048 -0.103022 0.116206 0.987868 0.208993 1.21092 -0.878667 0 3.12958 3.03839 -3.0245 3.09853 -3.01428 2.71198 2.95437 -2.91588 -1.97922 0.12518 0.00532324 -0.280752 0.00161332 0.0231307 1.84531e-05 0 0 0 3.02662 3.08081 -3.10975 3.13192 -3.13705 -3.13772 0.0107919 -0.0510239 -0.138186 0 0 0 0 -0 0 2.0307 -2.95113 2.69634 2.21674 -2.45899 -1.74166 0.209056 0.0429859 0.169917 0 0 0 0.272252 -0.118986 -0.0135212 0.805137 0.222364 -0.397481 0.528141 0.983419 0.843305 0.0394383 0.166914 0.178 0 0 0 3.1342 -3.09927 2.68847 3.13293 3.10411 -2.54351 2.98545 -3.13608 2.92421 0 -0 -1.0472e-07 0 0 0 
1 3 0.277963 0.25 -0.678105 0 1 0 0.9928 0.0249387 0.117157 -0.0126054 0.994407 -0.104857 -0.119116 0.102625 0.987562 0.211489 1.21212 -0.865783 0 3.1289 3.02219 -3.03805 3.08939 -3.01664 2.68321 2.95744 -2.91386 -1.96853 0.116556 0.00576468 -0.301376 0.00161333 0.0231307 1.90117e-05 0 0 0 3.02343 3.09502 -3.0976 3.13135 -3.13191 -3.13759 0.0199352 -0.0642314 -0.13333 0 0 0 0 -0 0 2.071 -2.86182 2.68419 2.13383 -2.42776 -1.63732 0.340693 0.044638 0.168109 0 0 0 0.266921 -0.119461 -0.0133647 0.756885 0.26441 -0.439084 0.618093 1.01582 0.913258 3.13008 2.95953 -2.96982 0 0 0 3.13276 -3.09106 2.72105 3.13082 3.10907 -2.55124 2.98321 -3.13519 2.9134 0 -0 -1.0472e-07 0 0 0 
1 3 0.277824 0.25 -0.678144 0 1 0 0.991304 0.0271403 0.128759 -0.0150103 0.995435 -0.0942586 -0.130729 0.0915063 0.987186 0.212833 1.21461 -0.852742 0 3.12645 3.01049 -3.04916 3.08323 -3.03205 2.65943 2.96829 -2.90315 -1.99621 0.103605 0.00533662 -0.315843 0.00161335 0.0231307 1.95704e-05 0 0 0 3.02525 3.10437 -3.0885 3.13156 -3.12518 -3.13758 0.0287206 -0.0762964 -0.127381 0 0 0 0 -0 0 2.11402 -2.77169 2.66708 2.04931 -2.39404 -1.51425 0.475902 0.0699059 0.172168 0 0 0 0.265261 -0.126964 -0.0146311 0.691985 0.338878 -0.471283 0.687235 1.0358 0.961301 3.08074 2.94224 -2.97667 0 0 0 3.13327 -3.09192 2.75537 3.12514 3.11775 -2.56609 2.98411 -3.1346 2.90479 0 -0 -1.0472e-07 0 0 0 
1 3 0.278117 0.25 -0.67806 0 1 0 0.988747 0.0374991 0.144822 -0.0242645 0.995455 -0.0920932 -0.147618 0.0875428 0.985163 0.213542 1.2185 -0.841086 0 3.11706 2.99343 -3.05296 3.08773 -3.04855 2.63565 2.984 -2.89066 -2.06386 0.11592 0.00687482 -0.323726 0.00161334 0.0231307 2.01116e-05 0 0 0 3.03845 3.11928 -3.08758 3.1325 -3.11718 -3.13795 0.0388803 -0.0899991 -0.119953 0 0 0 0 -0 0 2.16335 -2.65954 2.63943 1.96919 -2.35519 -1.38336 0.590501 0.117606 0.186486 0 0 0 0.259404 -0.125363 -0.0140598 0.62374 0.418023 -0.510282 0.751565 1.0602 1.01232 3.02521 2.9396 -2.98443 0 0 0 0.00262659 -0.0494893 -0.359937 3.11687 3.12604 -2.58881 2.9867 -3.13466 2.90371 0 -0 -1.0472e-07 0 0 0 
1 3 0.27877 0.25 -0.67749 0 1 0 0.985551 0.0540497 0.160524 -0.0391215 0.994733 -0.0947445 -0.164799 0.0870956 0.982474 0.213254 1.22373 -0.830086 0 3.10192 2.97604 -3.05317 3.10066 -3.07067 2.61766 3.00362 -2.8769 -2.16748 0.117595 0.00699704 -0.323011 0.00161335 0.0231307 2.06353e-05 0 0 0 3.06081 3.13717 -3.09271 3.13402 -3.10846 -3.13871 0.0454342 -0.0972646 -0.113526 0 0 0 0 -0 0 2.21644 -2.54758 2.60066 1.90035 -2.31427 -1.25268 0.645643 0.186836 0.211215 0 0 0 0.248925 -0.118175 -0.0123264 0.562136 0.496525 -0.552974 0.805951 1.0918 1.07256 2.96935 2.9366 -2.99243 0 0 0 0.0232764 -0.0469683 -0.3351 3.10455 3.13495 -2.62197 3.00316 -3.13522 2.89896 0 -0 -1.0472e-07 0 0 0 
1 3 0.279334 0.25 -0.676675 0 1 0 0.9826 0.0716543 0.171356 -0.0541821 0.993042 -0.104557 -0.177656 0.0934529 0.979645 0.212534 1.22962 -0.820744 0 3.08651 2.96299 -3.04649 3.11604 -3.09986 2.59844 3.02677 -2.88218 -2.28484 0.120372 0.00708922 -0.319843 0.00161337 0.0231307 2.11416e-05 0 0 0 3.08641 -3.13275 -3.10369 3.13563 -3.09986 -3.13973 0.0448554 -0.100217 -0.110749 0 0 0 0 -0 0 2.28927 -2.43952 2.55713 1.87267 -2.26897 -1.14656 0.681014 0.260226 0.239969 0 0 0 0.239131 -0.1137 -0.0111486 0.48657 0.596215 -0.584195 0.813968 1.12455 1.0894 2.92659 2.93707 -2.9984 0 0 0 0.0449653 -0.0389794 -0.319173 3.0918 -3.13862 -2.65764 3.01818 -3.1361 2.89997 0 -0 -1.0472e-07 0 0 0 
1 3 0.280054 0.25 -0.675135 0 1 0 0.980498 0.0823272 0.178452 -0.0614271 0.990915 -0.119641 -0.18668 0.106346 0.976648 0.211427 1.23458 -0.812052 0 3.07903 2.95381 -3.03313 3.11719 -3.13978 2.58027 3.04312 -2.88543 -2.39668 0.112099 0.0054991 -0.303572 0.00161338 0.0231307 2.16479e-05 0 0 0 3.10487 -3.12238 -3.11968 3.13687 -3.09263 -3.1405 0.0444324 -0.0982476 -0.10784 0 0 0 0 -0 0 2.37493 -2.33429 2.50307 1.89805 -2.22468 -1.08128 0.69128 0.332001 0.267707 0 0 0 0.231892 -0.105287 -0.00948354 0.394533 0.704647 -0.619234 0.782648 1.14004 1.06407 2.89058 2.93639 -3.00357 0 0 0 0.0581787 -0.0300661 -0.312274 3.08199 -3.1253 -2.69101 3.02138 -3.1369 2.91155 0 -0 -1.0472e-07 0 0 0 
1 3 0.280921 0.25 -0.673435 0 1 0 0.977187 0.0881781 0.193209 -0.0647282 0.990106 -0.124498 -0.202276 0.109151 0.973227 0.210575 1.23781 -0.802181 0 3.07545 2.93791 -3.02991 3.12333 3.12395 2.58337 3.0659 -2.9149 -2.49308 0.076431 0.00221002 -0.295881 0.00161339 0.0231307 2.21367e-05 0 0 0 3.12067 -3.1081 -3.12429 3.1384 -3.08706 -3.14121 0.0437143 -0.102422 -0.10424 0 0 0 0 -0 0 2.49751 -2.23544 2.44082 1.97151 -2.16932 -1.08642 0.674064 0.398053 0.289344 0 0 0 0.227163 -0.100704 -0.00857538 0.291233 0.804058 -0.666291 0.737414 1.15047 1.03067 2.85157 2.95097 -3.00698 0 0 0 0.0670858 -0.030891 -0.29722 3.07485 -3.12316 -2.71613 3.03969 -3.13784 2.91268 0 -0 -1.0472e-07 0 0 0 
1 3 0.281891 0.25 -0.671502 0 1 0 0.974537 0.0869912 0.206664 -0.0627963 0.990678 -0.120887 -0.215254 0.104831 0.970915 0.208487 1.23903 -0.790074 0 3.07724 2.92464 -3.03404 3.12887 3.10837 2.60137 3.07732 -2.93601 -2.5607 0.032125 -0.00143549 -0.291502 0.0016134 0.0231307 2.26081e-05 0 0 0 3.13089 -3.10031 -3.11744 3.14021 -3.08527 3.14157 0.0415057 -0.106279 -0.104281 0 0 0 0 -0 0 2.64035 -2.15776 2.3779 2.11649 -2.13043 -1.17756 0.673137 0.451585 0.308993 0 0 0 0.214205 -0.0940707 -0.00710425 0.193092 0.889322 -0.725721 0.656449 1.14737 0.968277 2.83324 2.95104 -3.00945 0 0 0 0.0700965 -0.0281922 -0.277746 3.06922 -3.11553 -2.72665 3.0507 -3.13817 2.90775 0 -0 -1.0472e-07 0 0 0 
1 3 0.282572 0.25 -0.669455 0 1 0 0.972313 0.0840053 0.21806 -0.0595813 0.991429 -0.116269 -0.225959 0.100057 0.968985 0.205709 1.238 -0.777253 0 3.08039 2.91367 -3.0387 3.13318 3.09225 2.6182 3.07964 -2.95605 -2.58966 0.00621032 -0.00348614 -0.291954 0.00161341 0.0231307 2.3062e-05 0 0 0 3.14057 -3.09789 -3.10968 0.000200082 -0.0557748 -0.000357179 0.0497546 -0.112719 -0.10042 0 0 0 0 -0 0 2.79123 -2.0917 2.3067 2.29076 -2.12203 -1.31573 0.683574 0.491359 0.326404 0 0 0 0.201988 -0.0918339 -0.00638537 0.0796186 0.965927 -0.784727 0.526667 1.13291 0.86175 2.83288 2.95367 -3.00909 0 0 0 0.0688296 -0.0235469 -0.269082 3.06969 -3.10148 -2.71206 3.04075 -3.1374 2.90174 0 -0 -1.0472e-07 0 0 0 
2 2 3 0.138847 0.25 -0.452728 0.28271 0.25 -0.666932 0 1 0 0 1 0 0.969311 0.0818568 0.231807 -0.0587653 0.992752 -0.104835 -0.238709 0.087996 0.967096 0.202519 1.23551 -0.763112 0 3.08104 2.90056 -3.05085 3.13317 3.07366 2.64337 3.07773 -2.93643 -2.59729 3.13076 -3.13671 2.84595 0.00161342 0.0231307 2.35159e-05 0 0 0 0.0112818 -0.0454893 0.0472311 0.00232729 -0.0542352 -0.000796885 0.0495725 -0.120104 -0.100455 0 0 0 0 -0 0 2.96221 -2.046 2.23418 2.48928 -2.10828 -1.51592 0.673455 0.514242 0.332607 0 0 0 0.19091 -0.0880203 -0.00550798 3.09788 2.11931 2.27487 0.423831 1.09654 0.784811 2.82308 2.97382 -3.00717 0 0 0 0.0684811 -0.0222465 -0.262761 3.07354 -3.08911 -2.67643 3.02392 -3.13603 2.89277 0 -0 -1.0472e-07 0 0 0 
2 2 3 0.139995 0.25 -0.450278 0.281928 0.25 -0.663278 0 1 0 0 1 0 0.966096 0.080874 0.245188 -0.0591559 0.993747 -0.0946947 -0.251313 0.0769799 0.96484 0.198937 1.23167 -0.749264 0 3.08044 2.88756 -3.06198 0.00483017 0.0558143 -0.480143 3.07365 -2.93943 -2.58216 3.11863 -3.13542 2.82883 0.00161343 0.0231307 2.39523e-05 0 0 0 0.0267279 -0.0438479 0.0648249 0.00455492 -0.0513617 -0.00139893 0.0477447 -0.129242 -0.104051 0 0 0 0 -0 0 0.00641444 -1.12677 -0.975304 2.69528 -2.12193 -1.75404 0.683883 0.529406 0.341118 0 0 0 0.183093 -0.0924951 -0.00589139 2.96845 2.07111 2.18656 0.321034 1.04973 0.710388 2.82493 2.99834 -3.00303 0 0 0 0.0684502 -0.0204982 -0.271024 3.07392 -3.0744 -2.61527 3.04282 -3.1359 2.86481 0 -0 -1.0472e-07 0 0 0 
2 2 3 0.138371 0.25 -0.448055 0.281504 0.25 -0.659611 0 1 0 0 1 0 0.962319 0.0877756 0.257367 -0.0653701 0.993388 -0.0943727 -0.263949 0.0739926 0.961694 0.194814 1.22815 -0.737494 0 3.07377 2.87448 -3.0648 0.0197874 0.0513209 -0.476517 3.06093 -2.92787 -2.56249 3.12835 -3.13604 2.80979 0.00161344 0.0231307 2.43713e-05 0 0 0 0.0488603 -0.0391558 0.0771129 0.00689393 -0.0475491 -0.00222493 0.0486851 -0.136402 -0.111463 0 0 0 0 -0 0 0.18218 -1.14759 -1.05929 2.85192 -2.16308 -1.94961 0.700447 0.527367 0.344701 0 0 0 0.172478 -0.0936049 -0.00570554 2.8599 2.04472 2.10729 0.235759 0.999521 0.654559 2.83599 3.01783 -2.9988 0 0 0 0.0746692 -0.0161633 -0.302512 3.07137 -3.04955 -2.53738 3.0579 -3.13679 2.85957 0 -0 -1.0472e-07 0 0 0 
2 2 3 0.137964 0.25 -0.44768 0.282535 0.25 -0.654084 0 1 0 0 1 0 0.958434 0.0997692 0.267304 -0.0756165 0.99219 -0.0992007 -0.275113 0.0748647 0.958493 0.191047 1.22528 -0.72738 0 3.06286 2.86289 -3.06364 0.0348746 0.0500537 -0.481054 3.05703 -2.92508 -2.5392 3.12274 -3.13512 2.7868 0.00161345 0.0231307 2.47728e-05 0 0 0 0.0729472 -0.0312896 0.0868457 0.00908206 -0.0433236 -0.00306506 0.0544045 -0.145078 -0.117708 0 0 0 0 -0 0 0.346599 -1.15966 -1.1477 2.95522 -2.21613 -2.11765 0.706679 0.500181 0.335508 0 0 0 0.171414 -0.104901 -0.00714416 2.75267 2.02155 2.04225 0.159892 0.950238 0.598721 2.84778 3.04352 -2.99381 0 0 0 0.0844999 -0.0110385 -0.347627 3.07091 -3.03835 -2.45284 3.07268 -3.13787 2.85875 0 -0 -1.0472e-07 0 0 0 
2 2 3 0.138283 0.25 -0.447421 0.286268 0.25 -0.643813 0 1 0 0 1 0 0.954769 0.111601 0.275612 -0.0850354 0.990663 -0.106564 -0.284931 0.078307 0.955344 0.187368 1.22392 -0.718079 0 3.05276 2.85266 -3.05981 0.0507334 0.0425577 -0.484627 3.05982 -2.92603 -2.52625 3.10366 -3.13238 2.76283 0.00161346 0.0231307 2.51744e-05 0 0 0 0.0915278 -0.0234291 0.0942561 0.0106926 -0.0385541 -0.00355921 0.0511064 -0.144411 -0.124664 0 0 0 0 -0 0 0.491652 -1.16113 -1.20533 3.04185 -2.2699 -2.27431 0.719668 0.471376 0.327118 0 0 0 0.172442 -0.104903 -0.0071831 2.6821 2.02055 1.99393 0.121375 0.905576 0.573656 2.85707 3.06541 -2.98987 0 0 0 0.0953149 -0.00597859 -0.39518 3.07824 -3.04986 -2.38471 3.08628 -3.139 2.86364 0 -0 -1.0472e-07 0 0 0 
2 2 3 0.138247 0.25 -0.447774 0.291234 0.25 -0.627918 0 1 0 0 1 0 0.951645 0.120028 0.282781 -0.0903241 0.989148 -0.11588 -0.293621 0.0847344 0.952159 0.183706 1.22408 -0.709011 0 3.04696 2.84358 -3.05283 0.0686546 0.0241469 -0.485687 3.0634 -2.93768 -2.52275 3.08687 -3.1296 2.74188 0.00161345 0.0231307 2.55585e-05 0 0 0 0.101896 -0.0155378 0.101476 0.0115333 -0.0329734 -0.00363823 0.0544451 -0.145095 -0.126646 0 0 0 0 -0 0 0.615321 -1.15352 -1.25243 3.09009 -2.31706 -2.38975 0.73535 0.445706 0.320237 0 0 0 0.170998 -0.108482 -0.00759496 2.65428 2.02644 1.97205 0.094781 0.870836 0.548451 2.87474 3.07398 -2.98737 0 0 0 0.101735 -0.000490896 -0.4395 3.09236 -3.07042 -2.34156 3.07382 -3.13824 2.86874 0 -0 -1.0472e-07 0 0 0 
2 2 3 0.138528 0.25 -0.448444 0.296355 0.25 -0.605396 0 1 0 0 1 0 0.949165 0.12682 0.2881 -0.0933233 0.987474 -0.12722 -0.300626 0.0938664 0.949112 0.180482 1.22613 -0.700343 0 3.04359 2.83624 -3.04301 0.077874 0.0211771 -0.483076 3.06791 -2.93933 -2.53201 3.06749 -3.12668 2.73456 0.00161346 0.0231307 2.59251e-05 0 0 0 0.103901 -0.00948674 0.105227 0.0114855 -0.0265863 -0.00333388 0.0541372 -0.141974 -0.126085 0 0 0 0 -0 0 0.691602 -1.14632 -1.30952 3.08705 -2.35384 -2.41868 0.7447 0.41519 0.309667 0 0 0 0.170623 -0.110981 -0.00790513 2.66788 2.03591 1.98441 0.0842699 0.846127 0.571482 2.85809 3.08072 -2.98761 0 0 0 0.1051 0.00534377 -0.476987 3.10915 -3.09782 -2.33164 3.04708 -3.1367 2.87658 0 -0 -1.0472e-07 0 0 0 
3 0 2 3 0.0843309 1.73495 0.0899213 0.138569 0.25 -0.448675 0.302513 0.25 -0.573969 0 0.5997 -0.8002 0 1 0 0 1 0 0.947717 0.129888 0.291482 -0.092345 0.985962 -0.139108 -0.305459 0.104918 0.946407 0.177986 1.22993 -0.691688 0 3.04446 2.83117 -3.03118 0.0840072 0.0131723 -0.476998 3.07567 -2.945 -2.55115 3.05603 -3.12489 2.73045 0.00161347 0.0231307 2.62917e-05 0 0 0 0.0977732 -0.00411541 0.10725 0.0103157 -0.0192931 -0.00276534 0.0505007 -0.134413 -0.122397 0 0 0 0 -0 0 0.742318 -1.13727 -1.3514 3.07305 -2.37895 -2.42658 0.752313 0.387197 0.299572 0 0 0 0.169203 -0.111234 -0.00788017 2.71762 2.05104 2.02954 0.0833409 0.841203 0.624623 2.79113 3.08906 -2.99077 0 0 0 0.103601 0.0121374 -0.503807 3.12671 -3.13853 -2.36025 3.0174 -3.13464 2.87488 0 -0 -1.0472e-07 0 0 0 
2 0 2 0.0808345 1.7364 0.0910076 0.138104 0.25 -0.448386 0 0.5997 -0.8002 0 1 0 0.94646 0.131856 0.294664 -0.0894584 0.984161 -0.153051 -0.310177 0.118497 0.943265 0.175985 1.23443 -0.683219 0 3.04735 2.82621 -3.01662 0.087897 0.00528886 -0.47171 3.08144 -2.94832 -2.57448 3.0534 -3.12435 2.72708 0.00161347 0.0231307 2.66409e-05 0 0 0 0.0870638 -0.00257526 0.105208 0.0083316 -0.0108215 -0.0020701 0.039062 -0.121724 -0.116852 0 0 0 0 -0 0 0.768712 -1.12889 -1.37823 3.05771 -2.39484 -2.42166 0.755223 0.359432 0.288594 0 0 0 0.171335 -0.106599 -0.00736268 2.79102 2.07083 2.1001 0.0629031 0.860814 0.6724 2.72794 3.10362 -2.99188 0 0 0 0.0950731 0.0227018 -0.523466 3.13648 3.10744 -2.41154 2.98154 -3.13202 2.87193 0 -0 -1.0472e-07 0 0 0 
2 0 2 0.0779575 1.73705 0.0915012 0.137563 0.25 -0.447969 0 0.5997 -0.8002 0 1 0 0.94391 0.135424 0.301154 -0.0870352 0.981815 -0.168711 -0.318525 0.133037 0.938532 0.174662 1.23872 -0.675012 0 3.04965 2.81742 -3.00078 0.0911276 -0.00235849 -0.468565 3.08523 -2.94837 -2.59692 3.06195 -3.12539 2.72346 0.00161348 0.0231307 2.69726e-05 0 0 0 0.0760856 -0.00485164 0.103644 0.0059615 -0.000994889 -0.00141396 0.0263985 -0.115093 -0.114059 0 0 0 0 -0 0 0.79487 -1.12057 -1.40371 3.04665 -2.40059 -2.41588 0.753087 0.337391 0.27917 0 0 0 0.172465 -0.105776 -0.00729825 2.87218 2.09842 2.15718 0.0515554 0.905999 0.720683 2.67366 3.11759 -2.99175 0 0 0 0.0817246 0.0372573 -0.539766 0.00142059 0.0708991 0.66765 2.95832 -3.13158 2.88525 0 -0 -1.0472e-07 0 0 0 
2 0 2 0.0809344 1.73484 0.0898437 0.136732 0.25 -0.447605 0 0.5997 -0.8002 0 1 0 0.94006 0.142765 0.309686 -0.0884372 0.97914 -0.182929 -0.329342 0.144576 0.933076 0.174323 1.24182 -0.666628 0 3.04779 2.80599 -2.98787 0.0991058 -0.0143256 -0.46707 3.08716 -2.95044 -2.61116 3.06634 -3.12598 2.72257 0.00161349 0.0231307 2.73043e-05 0 0 0 0.067798 -0.0137112 0.103337 0.00397559 0.00535346 -0.00106835 0.0189233 -0.105748 -0.110137 0 0 0 0 -0 0 0.798586 -1.11655 -1.44176 3.02297 -2.39487 -2.36445 0.737768 0.320854 0.27018 0 0 0 0.175122 -0.105217 -0.00732504 2.94743 2.12005 2.20816 0.0394079 0.962549 0.79078 2.59972 3.12812 -2.99271 0 0 0 0.0687133 0.0540295 -0.550709 3.1404 3.04825 -2.53442 2.98592 -3.13461 2.90357 0 -0 -1.0472e-07 0 0 0 
4 0 1 2 3 0.0820055 1.73235 0.0879729 0.589548 1.79961 0.0228819 0.134505 0.25 -0.446748 0.317185 0.25 -0.454441 0 0.5997 -0.8002 0 0.5997 -0.8002 0 1 0 0 1 0 0.93572 0.153225 0.317728 -0.0929812 0.976014 -0.196852 -0.34027 0.154656 0.927523 0.174945 1.24298 -0.658098 0 3.04255 2.79439 -2.97637 0.108997 -0.0257379 -0.472459 3.08314 -2.9447 -2.60939 3.08909 -3.12892 2.71264 0.0016135 0.0231307 2.76185e-05 0 0 0 0.0621345 -0.0234981 0.104552 0.00209617 0.011544 -0.000786917 0.0160944 -0.0963308 -0.105898 0 0 0 0 -0 0 0.813335 -1.10509 -1.46009 3.01962 -2.37442 -2.34745 0.713362 0.316425 0.264976 0 0 0 0.173064 -0.0970503 -0.00617603 3.02467 2.15933 2.25616 0.016822 1.04049 0.807877 2.55329 3.1402 -2.99126 0 0 0 0.0571569 0.0715697 -0.559952 3.14008 3.03777 -2.5802 3.01107 -3.13713 2.92379 0 -0 -1.0472e-07 0 0 0 
