0 -0.0353556 0.947588 -0.317533 -0.03678 0.316283 0.947952 0.998698 0.0451942 0.0236699 -3.32506 3.55387 3.50159 0 -2.33645 -1.51976 1.08834 -0.114788 -0.121711 -0.531776 0.376218 -0.0318402 -0.173934 0 0 0 0.0984666 0.103755 -0.624707 -1.26805 -0.907237 1.29635 -0.669133 -0 -0.492008 0.190275 0.250267 0.0476653 -0.102609 -0.957733 0.0840206 0 0 0 -0.490775 -0.820126 0.372515 0 0 0 -0.015142 -0.0829352 -0.432159 1.17072 0.96306 0.630296 0.573129 9.71445e-17 0.412673 -0.330538 -0.348384 0.116604 -0.141692 0.810768 -0.103027 0 0 0 0.299791 0.678846 0.191704 0 0 0 0.0188896 -0.0905242 -0.287828 6.93889e-18 -0 -0.243784 0.0958235 0.118443 0.0950058 2.08167e-17 1.38778e-17 0.172514 0 0 0 -0.190551 -0.165118 0.00308858 1.11022e-16 8.32667e-17 -1.00401 -0.0358147 0.110648 0.0434994 1.11022e-16 -5.55111e-17 0.362854 0 0 0 
0 -0.0192992 0.948752 -0.315433 -0.0358612 0.314631 0.948536 0.99917 0.0296177 0.0279512 -3.18683 3.54848 3.49297 0 -2.06451 -1.53006 0.814338 -0.129646 -0.12719 -0.525632 0.376366 -0.0282718 -0.16763 0 0 0 0.0929202 0.110973 -0.608963 -1.26006 -0.873787 1.26707 -0.737435 -6.93889e-17 -0.425248 0.175628 0.253574 0.0444944 -0.134239 -0.868648 0.102756 0 0 0 -0.482225 -0.783227 0.353792 0 0 0 -0.024099 -0.0791738 -0.444547 1.15289 0.978548 0.618914 0.567063 -1.38778e-16 0.414994 -0.335219 -0.34146 0.11613 -0.130935 0.814111 -0.0954619 0 0 0 0.312982 0.668738 0.198013 0 0 0 -0.000728715 -0.0994603 -0.334624 4.85722e-17 -2.77555e-17 -0.221559 0.0976357 0.113355 0.120991 4.16334e-17 -0 0.163902 0 0 0 -0.202516 -0.140995 0.0449075 -2.77556e-17 9.71446e-17 -0.859796 -0.0453027 0.0946208 0.0702043 1.11022e-16 2.77555e-17 0.348574 0 0 0 
0 0.024231 0.950496 -0.30979 -0.0360221 0.31051 0.949887 0.999057 -0.0118574 0.0417629 -3.04793 3.53458 3.48686 0 -0.978649 -1.52737 -0.276642 -0.144249 -0.137346 -0.515367 0.383099 -0.0242058 -0.160331 0 0 0 0.0923658 0.120172 -0.60014 -1.25641 -0.842462 1.24369 -0.815324 -1.249e-16 -0.388023 0.162823 0.261914 0.0425091 -0.117945 -0.809897 0.0855963 0 0 0 -0.47126 -0.764242 0.338997 0 0 0 -0.030483 -0.0743866 -0.459181 1.13719 0.988237 0.603865 0.558106 -0 0.417025 -0.338503 -0.335301 0.115329 -0.127825 0.81005 -0.0928325 0 0 0 0.319394 0.665735 0.201493 0 0 0 -0.0132919 -0.106954 -0.373789 4.16333e-17 -1.38778e-17 -0.209778 0.0928474 0.11053 0.14643 -6.93889e-18 -0 0.173471 0 0 0 -0.202681 -0.122467 0.059562 1.38778e-16 -9.71446e-17 -0.647863 -0.0431654 0.10985 0.0671472 1.66533e-16 1.38778e-17 0.339659 0 0 0 
0 0.03916 0.952035 -0.303473 -0.0438021 0.305049 0.951329 0.998272 -0.0239613 0.0536469 -2.90591 3.51497 3.47952 0 -0.841295 -1.51201 -0.420063 -0.157045 -0.152046 -0.503152 0.394115 -0.0205434 -0.156028 0 0 0 0.090155 0.129611 -0.586367 -1.25299 -0.828761 1.22384 -0.893415 1.04083e-16 -0.364439 0.15418 0.274971 0.0421732 -0.075693 -0.794525 0.0539782 0 0 0 -0.477271 -0.760323 0.342356 0 0 0 -0.03515 -0.0727532 -0.466239 1.12779 1.00223 0.596001 0.539736 -2.77555e-17 0.414327 -0.340846 -0.328425 0.113908 -0.128102 0.810446 -0.0930611 0 0 0 0.321905 0.668717 0.203891 0 0 0 -0.0315707 -0.124305 -0.408338 1.38778e-17 -2.77556e-17 -0.206425 0.0957489 0.113092 0.171248 -6.93889e-18 -0 0.181612 0 0 0 -0.201716 -0.117328 0.0498721 2.77555e-17 -1.38778e-17 -0.38436 -0.00330769 0.117741 0.0468597 2.77555e-17 2.77556e-17 0.323928 0 0 0 
0 0.0643466 0.953361 -0.294893 -0.0509255 0.298257 0.953126 0.996627 -0.0463128 0.0677423 -2.76103 3.49113 3.475 0 -0.66949 -1.48864 -0.599677 -0.167029 -0.160502 -0.490562 0.406742 -0.0199408 -0.15353 0 0 0 0.0862034 0.133035 -0.563018 -1.24374 -0.831762 1.19543 -0.959235 1.249e-16 -0.347317 0.148401 0.28265 0.0416724 -0.0921071 -0.797911 0.066029 0 0 0 -0.473399 -0.759693 0.339157 0 0 0 -0.038668 -0.0743734 -0.463329 1.11845 1.02066 0.59158 0.512757 -1.38778e-17 0.406079 -0.347775 -0.312162 0.110879 -0.122491 0.8071 -0.0886849 0 0 0 0.330375 0.662152 0.207807 0 0 0 -0.0409559 -0.133039 -0.438765 6.93889e-18 -0 -0.213175 0.0816474 0.110073 0.191384 3.46945e-17 -2.77555e-17 0.206958 0 0 0 -0.189347 -0.114318 0.0253332 -1.31387e-24 -1.38778e-17 -0.122766 0.0729051 0.140864 0.0234296 -1.38778e-17 -0 0.29388 0 0 0 
0 0.0868728 0.954327 -0.285854 -0.0581871 0.29131 0.954857 0.994519 -0.0663181 0.0808365 -2.61213 3.46701 3.47521 0 -0.590166 -1.46605 -0.687056 -0.169809 -0.163489 -0.479332 0.422864 -0.0205412 -0.153372 0 0 0 0.0841686 0.128843 -0.550084 -1.23408 -0.831683 1.16427 -1.00868 -1.10155e-16 -0.339182 0.141495 0.286411 0.0402214 -0.0864708 -0.801422 0.062194 0 0 0 -0.478229 -0.764049 0.344343 0 0 0 -0.0420115 -0.0736434 -0.462069 1.1119 1.03057 0.6038 0.480165 6.93889e-17 0.394603 -0.362661 -0.288203 0.107436 -0.119699 0.796874 -0.0858052 0 0 0 0.346606 0.652484 0.215883 0 0 0 -0.0420043 -0.133431 -0.47398 1.86483e-17 -0 -0.213218 0.0560036 0.100773 0.202424 1.38778e-17 -1.38778e-17 0.236063 0 0 0 -0.193029 -0.108627 0.0242284 6.82066e-26 -6.9389e-18 0.0026846 0.12033 0.201507 0.000880631 6.59194e-17 2.77555e-17 0.291042 0 0 0 
0 0.114922 0.95264 -0.281548 -0.059037 0.289474 0.955363 0.991619 -0.0931707 0.089508 -2.45571 3.44566 3.47888 0 -0.474558 -1.44123 -0.805445 -0.179754 -0.159727 -0.476363 0.444871 -0.0240496 -0.150139 0 0 0 0.0842953 0.122801 -0.548143 -1.23595 -0.836418 1.14799 -1.03947 8.67362e-17 -0.336655 0.136465 0.285867 0.0387029 -0.101588 -0.797685 0.0728329 0 0 0 -0.480116 -0.756809 0.34339 0 0 0 -0.0410596 -0.0759202 -0.456104 1.11224 1.03464 0.625874 0.440362 5.55112e-17 0.376122 -0.372542 -0.279018 0.107215 -0.120772 0.806836 -0.0874131 0 0 0 0.355514 0.654823 0.222382 0 0 0 -0.0584135 -0.131893 -0.498143 -1.56125e-17 6.9389e-18 -0.245119 0.0391997 0.0860209 0.207979 3.46944e-17 -2.77555e-17 0.28041 0 0 0 -0.1529 -0.106912 0.042025 6.93889e-18 3.46945e-18 -0.0679177 0.0829799 0.16876 0.0133954 8.38443e-23 -1.11022e-16 0.289931 0 0 0 
0 0.151698 0.947013 -0.283113 -0.0479562 0.293142 0.954865 0.987263 -0.131275 0.0898844 -2.2859 3.43217 3.49182 0 -0.306187 -1.41102 -0.970409 -0.199451 -0.145251 -0.479616 0.471813 -0.0283311 -0.150419 0 0 0 0.0852204 0.110545 -0.554161 -1.23567 -0.849967 1.13315 -1.04999 2.88831e-16 -0.34068 0.137004 0.284152 0.0386304 -0.0963204 -0.807977 0.0697281 0 0 0 -0.497005 -0.766397 0.359809 0 0 0 -0.0373151 -0.0782155 -0.444124 1.10689 1.039 0.635941 0.407522 -5.55112e-17 0.359431 -0.375874 -0.286298 0.110991 -0.120548 0.809731 -0.0874836 0 0 0 0.358309 0.652107 0.223455 0 0 0 -0.0895766 -0.119602 -0.512818 6.245e-17 4.16333e-17 -0.309417 0.0242447 0.0564934 0.199218 6.93884e-18 -3.8164e-17 0.342839 0 0 0 -0.10075 -0.0997318 0.0380774 -2.08168e-17 -2.08167e-17 -0.16983 0.0375178 0.134797 -0.0308592 2.77556e-17 -0 0.266173 0 0 0 
0 0.185217 0.939003 -0.289772 -0.0197962 0.29838 0.954242 0.982498 -0.171005 0.0738537 -2.11197 3.43637 3.51493 0 -0.106477 -1.38343 -1.16311 -0.213334 -0.105569 -0.494753 0.503375 -0.0361648 -0.152002 0 0 0 0.0871044 0.0899705 -0.56439 -1.24645 -0.863536 1.13066 -1.02421 -1.07553e-16 -0.355447 0.128236 0.278251 0.0354048 -0.11269 -0.804854 0.0813793 0 0 0 -0.495078 -0.755687 0.354624 0 0 0 -0.0398505 -0.0874474 -0.433121 1.11658 1.03581 0.661618 0.384815 -0 0.347492 -0.372882 -0.302787 0.116117 -0.115215 0.825621 -0.0848516 0 0 0 0.360651 0.664389 0.228482 0 0 0 -0.11322 -0.073699 -0.502507 -6.93889e-18 -0 -0.425541 -0.0260568 -0.0249994 0.145776 -1.04083e-16 -0 0.451243 0 0 0 -0.106138 -0.0688343 0.0213147 1.38778e-17 2.51535e-17 -0.249612 0.00904842 0.0857765 -0.035802 2.77555e-17 -1.38778e-17 0.180102 0 0 0 
1 3 -2.9 0.183618 3.224 0 1 0 0.209668 0.930991 -0.298823 0.005716 0.304444 0.952513 0.977756 -0.20142 0.0585107 -1.93867 3.44887 3.54182 0 0.0272554 -1.35948 -1.28809 -0.208605 -0.0683215 -0.512538 0.538861 -0.0279473 -0.145179 0 0 0 0.0866829 0.0856841 -0.580752 -1.2774 -0.882923 1.14823 -0.977034 -1.80411e-16 -0.377963 0.130228 0.274411 0.0354723 -0.0911479 -0.80084 0.0655332 0 0 0 -0.486669 -0.747859 0.345409 0 0 0 -0.0385744 -0.104509 -0.424367 1.13694 1.03458 0.678187 0.388378 -2.77555e-17 0.355956 -0.373928 -0.31019 0.119201 -0.117583 0.821609 -0.0862847 0 0 0 0.368427 0.657838 0.231794 0 0 0 -0.090645 0.0102287 -0.439924 -2.77556e-17 6.76542e-17 -0.623259 -0.112944 -0.0765618 0.0042472 -6.02816e-17 2.77555e-17 0.637799 0 0 0 -0.147318 -0.0398964 -0.0179079 -6.93886e-18 2.42861e-17 -0.291414 0.0257002 0.0261208 0.0011525 1.29075e-24 -1.04083e-17 0.11256 0 0 0 
1 3 -2.84046 0.183618 3.2189 0 1 0 0.24201 0.922034 -0.302133 0.0216659 0.306177 0.951728 0.970032 -0.236874 0.0541211 -1.77578 3.46103 3.55893 0 0.0892868 -1.32536 -1.34617 -0.198882 -0.0405553 -0.521869 0.56447 -0.01722 -0.13613 0 0 0 0.081381 0.0818615 -0.593254 -1.29698 -0.906606 1.15287 -0.923291 1.11022e-16 -0.403963 0.137059 0.269895 0.0367559 -0.0700959 -0.79689 0.0501671 0 0 0 -0.479758 -0.757078 0.343202 0 0 0 -0.033951 -0.121975 -0.420383 1.14742 1.02913 0.677445 0.41172 -1.38778e-17 0.353276 -0.358404 -0.299816 0.110182 -0.109707 0.824569 -0.0807068 0 0 0 0.372093 0.642543 0.229737 0 0 0 -0.083139 0.070278 -0.337936 -5.55111e-17 4.16334e-17 -0.842476 -0.157124 -0.0942919 -0.138367 -1.59595e-16 2.77555e-17 0.606539 0 0 0 -0.204317 -0.0304451 -0.073761 -6.93888e-18 1.73472e-17 -0.289892 0.0393325 -0.0191786 0.0551882 3.21633e-25 6.07154e-18 0.0740271 0 0 0 
1 3 -2.66147 0.183618 3.16268 0 1 0 0.279073 0.911302 -0.302733 0.0157132 0.310882 0.950319 0.960141 -0.269965 0.0724394 -1.63168 3.47857 3.55292 0 0.0562454 -1.28751 -1.30864 -0.181725 -0.0357127 -0.534487 0.582835 -0.0137336 -0.125674 0 0 0 0.0813041 0.0681861 -0.62082 -1.30155 -0.899229 1.14244 -0.86579 2.77556e-17 -0.418287 0.137562 0.258738 0.0354058 -0.0818261 -0.790706 0.058231 0 0 0 -0.480775 -0.754573 0.343151 0 0 0 -0.0290926 -0.129301 -0.417133 1.14159 1.00371 0.647717 0.444427 -8.32668e-17 0.376162 -0.347465 -0.309701 0.109936 -0.108268 0.823988 -0.0795982 0 0 0 0.364729 0.633087 0.222155 0 0 0 -0.0735408 0.0843776 -0.238234 -5.55112e-17 5.55112e-17 -1.01961 -0.090262 -0.0961142 -0.113935 -2.77556e-17 -0 0.428225 0 0 0 -0.286065 -0.061643 -0.129838 1.73472e-17 1.56125e-17 -0.271331 0.0876051 -0.0199926 0.0882938 -1.38778e-17 -7.15574e-18 0.0848855 0 0 0 
1 3 -2.36292 0.183618 3.08244 0 1 0 0.305452 0.904807 -0.296688 -0.00127135 0.311967 0.950092 0.952207 -0.28983 0.0964412 -1.49875 3.4955 3.53727 0 -0.00416217 -1.26038 -1.24957 -0.152773 -0.0413953 -0.540358 0.594749 -0.0115338 -0.120495 0 0 0 0.0865622 0.056952 -0.637317 -1.30059 -0.903828 1.13979 -0.809709 -5.55111e-17 -0.428646 0.14239 0.247406 0.0350929 -0.115068 -0.786072 0.0816001 0 0 0 -0.487578 -0.750084 0.346877 0 0 0 -0.0213754 -0.133227 -0.403901 1.13193 0.979409 0.626765 0.470225 1.07553e-16 0.394033 -0.33016 -0.338732 0.113389 -0.11312 0.832167 -0.083802 0 0 0 0.350479 0.649355 0.217553 0 0 0 -0.0334422 0.0816828 -0.139405 -1.66533e-16 -0 -1.11489 -0.00765298 -0.0265732 -0.0576171 -2.77556e-17 2.77556e-17 0.337297 0 0 0 -0.319961 -0.0949854 -0.174787 -6.93883e-18 -7.97972e-17 -0.251944 0.100855 -0.00561027 0.111524 -1.38778e-17 -3.46945e-18 0.0985046 0 0 0 
1 3 -1.97608 0.183618 3.03338 0 1 0 0.325234 0.899974 -0.290292 -0.0207449 0.313698 0.949296 0.945406 -0.302721 0.120695 -1.37229 3.51107 3.5124 0 -0.0636983 -1.23884 -1.19141 -0.116664 -0.0450057 -0.546155 0.600804 -0.017474 -0.119218 0 0 0 0.0923562 0.0518988 -0.644249 -1.3126 -0.919042 1.16743 -0.747812 -2.77556e-17 -0.438961 0.142538 0.249617 0.0354356 -0.0660302 -0.806355 0.0476926 0 0 0 -0.458423 -0.767205 0.33002 0 0 0 -0.0181815 -0.141308 -0.389184 1.13318 0.954638 0.638596 0.488027 3.07046e-16 0.402935 -0.311823 -0.372063 0.11665 -0.118817 0.847987 -0.089291 0 0 0 0.337987 0.658784 0.211927 0 0 0 0.0159787 0.0683692 -0.0571901 1.11022e-16 -2.77555e-17 -1.12407 -0.0138944 -0.013486 -0.0222922 1.92495e-23 5.55111e-17 0.294657 0 0 0 -0.313641 -0.122053 -0.222395 -1.73472e-18 8.67361e-18 -0.227144 0.0861217 0.0176452 0.125897 -1.38778e-17 6.9389e-18 0.116993 0 0 0 
1 3 -1.51779 0.183618 2.96309 0 1 0 0.350444 0.893022 -0.282314 -0.0348342 0.313649 0.9489 0.935936 -0.322702 0.141024 -1.24855 3.52104 3.4828 0 -0.0990749 -1.21091 -1.1588 -0.0893985 -0.0452894 -0.547465 0.604415 -0.0276129 -0.117919 0 0 0 0.0993973 0.0439865 -0.670824 -1.31817 -0.916003 1.19941 -0.695952 1.94289e-16 -0.448757 0.148293 0.249756 0.0369 -0.0582169 -0.803859 0.0419375 0 0 0 -0.435224 -0.770431 0.31315 0 0 0 -0.0178613 -0.145907 -0.386407 1.13505 0.92014 0.665187 0.507748 -1.56125e-16 0.421516 -0.298819 -0.395777 0.118203 -0.122587 0.851053 -0.0923848 0 0 0 0.33483 0.662129 0.210731 0 0 0 0.0603201 0.0484447 0.0101901 -1.11023e-16 -8.32668e-17 -1.06264 -0.0437144 -0.00613052 0.0136948 -1.11022e-16 -8.32668e-17 0.285101 0 0 0 -0.299028 -0.140286 -0.271416 -6.93889e-18 1.12757e-17 -0.202449 0.0575326 0.0464087 0.136772 -2.77556e-17 -0 0.133846 0 0 0 
1 3 -1.02862 0.183618 2.82268 0 1 0 0.379742 0.88466 -0.270505 -0.0425868 0.308816 0.950168 0.924112 -0.349298 0.154945 -1.12944 3.52132 3.4494 0 -0.11168 -1.1787 -1.15329 -0.0729913 -0.0440204 -0.542203 0.606765 -0.0351754 -0.108934 0 0 0 0.107754 0.0408639 -0.688449 -1.32278 -0.921585 1.23673 -0.647922 2.77556e-16 -0.450677 0.149744 0.241591 0.0360731 -0.075279 -0.807788 0.0544575 0 0 0 -0.479697 -0.772207 0.348182 0 0 0 -0.0159617 -0.14848 -0.379517 1.13368 0.891741 0.691809 0.525088 -1.2837e-16 0.436779 -0.286999 -0.41009 0.117137 -0.118455 0.861438 -0.0900624 0 0 0 0.340494 0.652041 0.211762 0 0 0 0.0992079 0.0255411 0.0652989 5.55111e-17 -5.55112e-17 -0.939088 -0.0343657 -0.00832896 0.0394135 -5.55111e-17 -0 0.286716 0 0 0 -0.268999 -0.142312 -0.316583 2.77555e-17 -1.04083e-17 -0.184761 0.00705544 0.0848112 0.149663 1.38779e-17 -2.77556e-17 0.149053 0 0 0 
1 3 -0.539547 0.183618 2.62818 0 1 0 0.41061 0.873716 -0.260807 -0.0464179 0.30569 0.950999 0.910629 -0.378384 0.166075 -1.01329 3.51518 3.4094 0 -0.112568 -1.1448 -1.1572 -0.0627566 -0.0422907 -0.539916 0.608895 -0.0404906 -0.0961652 0 0 0 0.11226 0.0384063 -0.710437 -1.32249 -0.922545 1.27028 -0.608045 1.94289e-16 -0.460844 0.151086 0.235626 0.0355294 -0.0717161 -0.807965 0.0518847 0 0 0 -0.479286 -0.772325 0.3479 0 0 0 -0.0148915 -0.150503 -0.37373 1.13561 0.863576 0.720007 0.541288 1.04083e-16 0.451993 -0.281231 -0.424089 0.118315 -0.126272 0.86354 -0.0962095 0 0 0 0.33458 0.654612 0.208588 0 0 0 0.127747 0.00191425 0.091113 5.55113e-17 -8.32667e-17 -0.75157 -0.0172109 -0.0354429 0.0425651 -1.11022e-16 -2.77556e-17 0.276464 0 0 0 -0.273327 -0.153832 -0.362834 1.38778e-17 -0 -0.16113 -0.0107972 0.118405 0.156256 2.77557e-17 -2.77556e-17 0.170266 0 0 0 
1 3 -0.0814367 0.183618 2.40789 0 1 0 0.43512 0.863931 -0.253561 -0.0442037 0.301776 0.952353 0.899287 -0.40318 0.169498 -0.900795 3.50244 3.36321 0 -0.101242 -1.11814 -1.17283 -0.0519337 -0.0326744 -0.538956 0.60751 -0.0482261 -0.0820229 0 0 0 0.112719 0.0370531 -0.723006 -1.32942 -0.928585 1.31686 -0.571037 1.38778e-16 -0.474918 0.155667 0.229551 0.0356921 -0.0686935 -0.803613 0.0494834 0 0 0 -0.474309 -0.770305 0.343345 0 0 0 -0.0129488 -0.155875 -0.368383 1.14159 0.841839 0.753526 0.555149 1.94289e-16 0.450922 -0.270732 -0.435303 0.116507 -0.135889 0.862869 -0.103506 0 0 0 0.322929 0.657694 0.201781 0 0 0 0.13722 -0.0168637 0.0937327 5.55112e-17 2.77555e-17 -0.525058 -0.00347197 -0.0385866 0.0246547 1.11022e-16 -4.16334e-17 0.264841 0 0 0 -0.280267 -0.16129 -0.406277 5.55111e-17 4.16333e-17 -0.14245 -0.0170222 0.131392 0.166762 -1.38778e-17 1.38778e-17 0.194109 0 0 0 
1 3 0.283774 0.183618 2.17729 0 1 0 0.458372 0.853643 -0.247364 -0.0354678 0.295672 0.954631 0.888052 -0.428803 0.165805 -0.787665 3.48633 3.31031 0 -0.0772239 -1.09309 -1.20183 -0.0486368 -0.0196066 -0.533243 0.611699 -0.0530729 -0.0743449 0 0 0 0.115189 0.0323265 -0.7279 -1.3245 -0.942474 1.34184 -0.541778 1.11022e-16 -0.496525 0.155542 0.229508 0.0356586 -0.0768544 -0.805285 0.0554666 0 0 0 -0.476202 -0.767648 0.343952 0 0 0 -0.00796471 -0.157831 -0.373292 1.1517 0.818203 0.790248 0.567726 -9.71446e-17 0.456692 -0.268736 -0.444483 0.11787 -0.135057 0.861045 -0.102708 0 0 0 0.321907 0.658668 0.201361 0 0 0 0.152058 -0.0274239 0.0866579 5.55111e-17 5.55112e-17 -0.310522 0.036481 -0.0352434 -0.000549458 -5.55112e-17 1.21431e-17 0.24784 0 0 0 -0.28721 -0.162325 -0.442234 -2.77556e-17 -0 -0.13904 -0.02317 0.152972 0.17319 1.51683e-24 -1.38778e-17 0.22255 0 0 0 
0 0.474788 0.845436 -0.24457 -0.0250847 0.290775 0.956463 0.879742 -0.447982 0.159264 -0.667963 3.47029 3.24709 0 -0.0527843 -1.07532 -1.22922 -0.0436123 -0.00868357 -0.523984 0.617455 -0.0521547 -0.0710498 0 0 0 0.119568 0.0295235 -0.739365 -1.31965 -0.952312 1.35172 -0.523625 -0 -0.505039 0.164202 0.2253 0.0369992 -0.0807089 -0.800668 0.0579947 0 0 0 -0.488227 -0.762481 0.351606 0 0 0 -0.00308869 -0.156202 -0.3732 1.16652 0.80714 0.816261 0.568731 1.38778e-16 0.457243 -0.26594 -0.452965 0.118648 -0.124116 0.870621 -0.0951214 0 0 0 0.325312 0.663555 0.204834 0 0 0 0.200349 -0.0378541 0.0714351 -8.22566e-24 -5.55111e-17 -0.155131 0.0641601 -0.00873721 -0.0162264 -1.11022e-16 6.93889e-18 0.207837 0 0 0 -0.292056 -0.165601 -0.471597 2.77556e-17 -0 -0.155922 -0.0185146 0.175829 0.176115 1.38778e-17 2.77555e-17 0.249882 0 0 0 
0 0.483249 0.840526 -0.244923 -0.0185053 0.289502 0.956999 0.875288 -0.457936 0.155455 -0.54156 3.4561 3.1675 0 -0.0382748 -1.06603 -1.24353 -0.0317963 -0.00306297 -0.514388 0.624323 -0.0488303 -0.0680396 0 0 0 0.129073 0.0295912 -0.76786 -1.32741 -0.943918 1.37012 -0.511078 -1.38778e-16 -0.51039 0.169066 0.214941 0.0363926 -0.09067 -0.789478 0.0644636 0 0 0 -0.496127 -0.753957 0.354842 0 0 0 0.00196689 -0.152603 -0.37208 1.17842 0.809799 0.823652 0.572239 5.55111e-17 0.460706 -0.266427 -0.452477 0.118756 -0.133435 0.870009 -0.102238 0 0 0 0.326427 0.66128 0.204986 0 0 0 0.224717 -0.0478832 0.0602214 1.11022e-16 1.38778e-17 -0.104357 0.0886472 -0.0152363 -0.0202883 -3.18356e-23 2.77555e-17 0.196873 0 0 0 -0.279669 -0.172861 -0.496218 9.53917e-24 1.38778e-17 -0.194508 -0.00960768 0.189857 0.175193 1.38778e-17 -5.55111e-17 0.288253 0 0 0 
0 0.484858 0.838055 -0.250153 -0.00899631 0.290786 0.956746 0.874547 -0.461636 0.148529 -0.407667 3.44369 3.07486 0 -0.0185524 -1.0645 -1.25951 -0.017515 0.0046983 -0.504694 0.63306 -0.0462245 -0.0630904 0 0 0 0.137529 0.0312825 -0.779609 -1.33738 -0.954891 1.38946 -0.508093 -1.11022e-16 -0.507531 0.163777 0.215719 0.0353546 -0.0848492 -0.800247 0.0609583 0 0 0 -0.49226 -0.758622 0.353444 0 0 0 0.00653629 -0.149806 -0.382763 1.1937 0.815386 0.829121 0.581596 -0 0.45562 -0.272553 -0.440456 0.118611 -0.138987 0.862811 -0.105874 0 0 0 0.337937 0.65959 0.212116 0 0 0 0.200513 -0.0439361 0.0574597 -6.32166e-24 -1.38778e-17 -0.158442 0.104158 -0.00104765 -0.0141021 -1.11022e-16 2.42862e-17 0.187202 0 0 0 -0.26949 -0.184794 -0.512627 -2.77556e-17 -0 -0.255022 0.00604765 0.213822 0.15155 5.85918e-23 -5.55111e-17 0.353415 0 0 0 
0 0.484025 0.837422 -0.253857 -0.0224538 0.301895 0.953077 0.874766 -0.455613 0.164928 -0.273724 3.44349 2.96065 0 -0.0463565 -1.06495 -1.22348 0.00387421 -0.0205431 -0.508672 0.645837 -0.035543 -0.0489988 0 0 0 0.149211 0.0345871 -0.805042 -1.346 -0.941571 1.40749 -0.509633 -2.77555e-17 -0.495375 0.157299 0.215339 0.0338803 -0.0841915 -0.79777 0.0603333 0 0 0 -0.487885 -0.754357 0.348577 0 0 0 0.0101131 -0.133277 -0.396329 1.20536 0.820424 0.826326 0.592998 9.71444e-17 0.43753 -0.273519 -0.423251 0.114723 -0.155378 0.844089 -0.116532 0 0 0 0.342043 0.645597 0.211031 0 0 0 0.152917 -0.0568063 0.0288422 5.55111e-17 -5.55111e-17 -0.197568 0.17589 -0.01272 -0.100595 -5.55111e-17 -4.16334e-17 0.181938 0 0 0 -0.24767 -0.227141 -0.513931 -5.57584e-24 -2.77556e-17 -0.350668 0.0244667 0.247553 0.100248 -1.38778e-17 -0 0.447516 0 0 0 
0 0.499201 0.828127 -0.254957 -0.0369464 0.314318 0.948598 0.865698 -0.464122 0.187504 -0.14664 3.45204 2.83568 0 -0.0738763 -1.04654 -1.18685 0.00932153 -0.0491177 -0.516239 0.654303 -0.0294137 -0.0437071 0 0 0 0.146195 0.036568 -0.803555 -1.33537 -0.9538 1.3779 -0.522307 -8.32666e-17 -0.494984 0.163725 0.22097 0.0361904 -0.095293 -0.80433 0.0687523 0 0 0 -0.504769 -0.75163 0.360761 0 0 0 0.00925781 -0.126964 -0.413077 1.22895 0.832544 0.836311 0.601376 -2.77556e-17 0.420096 -0.27592 -0.422465 0.115573 -0.163232 0.836843 -0.121688 0 0 0 0.345461 0.645265 0.213155 0 0 0 0.110598 -0.0875912 0.020835 -5.55112e-17 -2.77555e-17 -0.298261 0.184152 0.0539483 -0.0760751 6.092e-24 -2.77556e-17 0.138306 0 0 0 -0.228326 -0.267413 -0.470847 1.25233e-23 5.55111e-17 -0.519591 0.0052802 0.264602 -0.0379685 2.77556e-17 6.41848e-17 0.651027 0 0 0 
0 0.524309 0.815094 -0.24642 -0.0501053 0.318415 0.946626 0.850053 -0.483977 0.207788 -0.0339696 3.45948 2.71275 0 -0.0952751 -1.01609 -1.16526 0.00386071 -0.0749967 -0.513206 0.662034 -0.026935 -0.0494249 0 0 0 0.140047 0.049324 -0.794707 -1.35656 -0.955192 1.40662 -0.522211 8.32667e-17 -0.496445 0.155695 0.210225 0.0327437 -0.0671087 -0.804532 0.0483871 0 0 0 -0.482827 -0.757713 0.345795 0 0 0 0.00643219 -0.129303 -0.424614 1.25532 0.853351 0.849187 0.603195 1.11022e-16 0.412936 -0.278967 -0.408203 0.113218 -0.167868 0.822669 -0.123577 0 0 0 0.343662 0.640471 0.210676 0 0 0 0.0786527 -0.126076 -0.00740576 1.11022e-16 2.77555e-17 -0.336089 0.190304 0.117994 -0.0358652 -1.11022e-16 6.93889e-18 0.135757 0 0 0 -0.188457 -0.274431 -0.379806 -5.55111e-17 -0 -0.741749 -0.0438981 0.204515 -0.214537 -6.93889e-17 2.77556e-17 0.709005 0 0 0 
0 0.543296 0.803301 -0.244002 -0.0521516 0.322368 0.945177 0.83792 -0.500786 0.217035 0.0722705 3.47279 2.60607 0 -0.0956978 -0.993461 -1.16184 0.000272719 -0.0843129 -0.513508 0.669544 -0.0287353 -0.0547497 0 0 0 0.132937 0.0518913 -0.78398 -1.34961 -0.944354 1.38362 -0.53978 8.32668e-17 -0.487579 0.172121 0.203894 0.0351853 -0.100733 -0.790823 0.0717458 0 0 0 -0.497726 -0.755433 0.356606 0 0 0 0.00473726 -0.121919 -0.431208 1.25752 0.86717 0.834443 0.602753 6.9389e-17 0.41213 -0.291267 -0.391136 0.113799 -0.164337 0.809494 -0.11948 0 0 0 0.354452 0.630594 0.214843 0 0 0 0.0842806 -0.139911 -0.0525938 5.55112e-17 4.85723e-17 -0.344205 0.177024 0.137701 0.00745093 -5.55112e-17 -1.21431e-17 0.144677 0 0 0 -0.155026 -0.263172 -0.285675 -1.11022e-16 -1.11022e-16 -0.939167 -0.050199 0.191226 -0.197614 6.93892e-18 2.77556e-17 0.499726 0 0 0 
0 0.576135 0.778288 -0.249671 -0.0333086 0.327565 0.944241 0.816676 -0.535694 0.214645 0.175589 3.49269 2.51192 0 -0.0577497 -0.955627 -1.1897 -0.0261049 -0.0725539 -0.516158 0.675952 -0.0333078 -0.0606725 0 0 0 0.126729 0.0503848 -0.756494 -1.33399 -0.942118 1.35063 -0.57034 8.32667e-17 -0.47507 0.16932 0.212364 0.0360183 -0.0973294 -0.786182 0.0689827 0 0 0 -0.493779 -0.747393 0.350726 0 0 0 0.00327114 -0.118994 -0.431936 1.25238 0.881065 0.81076 0.591471 2.77556e-17 0.40637 -0.292923 -0.38714 0.113376 -0.162638 0.813403 -0.118669 0 0 0 0.360987 0.630759 0.219078 0 0 0 0.0915173 -0.126846 -0.100005 -2.77555e-16 -6.93889e-18 -0.344322 0.135725 0.1435 0.042687 -1.11022e-16 -3.46945e-18 0.148242 0 0 0 -0.159092 -0.2379 -0.196889 -1.21485e-22 -8.32667e-17 -1.05061 -0.0231832 0.17164 -0.12537 -2.77556e-17 -2.77556e-17 0.43303 0 0 0 
0 0.621356 0.741585 -0.252921 -0.0149055 0.333927 0.942481 0.783387 -0.581846 0.218541 0.274198 3.51425 2.41572 0 -0.023984 -0.900096 -1.2115 -0.0650259 -0.0652956 -0.518108 0.678535 -0.0311396 -0.063073 0 0 0 0.123695 0.0582556 -0.735994 -1.33099 -0.93452 1.32866 -0.621547 -0 -0.453531 0.172067 0.227753 0.0392189 -0.088728 -0.781126 0.0625516 0 0 0 -0.496468 -0.74038 0.350356 0 0 0 0.000787474 -0.119187 -0.433348 1.24368 0.899849 0.793555 0.584205 1.249e-16 0.400858 -0.293324 -0.381158 0.111887 -0.170235 0.811218 -0.12401 0 0 0 0.356051 0.62705 0.21485 0 0 0 0.0617176 -0.123037 -0.154669 7.97265e-24 1.38778e-17 -0.3222 0.111495 0.148812 0.0631898 -5.55111e-17 -3.8164e-17 0.148324 0 0 0 -0.180664 -0.217293 -0.125913 -5.55112e-17 1.38778e-17 -1.07394 -0.00399442 0.161064 -0.0648158 5.55112e-17 -5.55111e-17 0.396757 0 0 0 
0 0.665095 0.704828 -0.246712 -0.00489976 0.334488 0.942387 0.746743 -0.625568 0.22592 0.367399 3.53127 2.31998 0 -0.00736688 -0.843151 -1.22423 -0.0928263 -0.06532 -0.509949 0.67185 -0.0212395 -0.0617555 0 0 0 0.117925 0.0672542 -0.734551 -1.32509 -0.911909 1.30428 -0.691796 5.55111e-17 -0.415963 0.170241 0.244499 0.0415893 -0.0742439 -0.777716 0.0521397 0 0 0 -0.480261 -0.744501 0.339331 0 0 0 -0.00925066 -0.112606 -0.444916 1.22937 0.910458 0.780972 0.576412 2.77556e-17 0.409465 -0.296977 -0.37897 0.112738 -0.172081 0.804377 -0.12456 0 0 0 0.35218 0.629853 0.213179 0 0 0 0.0348946 -0.126808 -0.208381 -1.66533e-16 3.46945e-17 -0.287953 0.0872128 0.156053 0.0730207 1.11022e-16 -0 0.15255 0 0 0 -0.174989 -0.186328 -0.0668937 -1.12614e-23 -4.51028e-17 -1.02496 -0.0189301 0.156617 -0.000151657 -8.20386e-24 -2.77556e-17 0.35353 0 0 0 
0 0.705668 0.669285 -0.232574 -0.00226085 0.330367 0.94385 0.70854 -0.665518 0.234643 0.456676 3.53881 2.22475 0 -0.00320384 -0.787426 -1.23183 -0.112187 -0.0716041 -0.494513 0.663636 -0.012568 -0.0584196 0 0 0 0.115888 0.0749958 -0.730357 -1.30487 -0.889355 1.25435 -0.766732 5.55112e-17 -0.377262 0.164732 0.258966 0.0425454 -0.0774085 -0.787079 0.0548886 0 0 0 -0.482505 -0.746279 0.341667 0 0 0 -0.0229631 -0.104209 -0.461942 1.21604 0.91562 0.774751 0.564256 1.11022e-16 0.414097 -0.297611 -0.381089 0.113588 -0.167031 0.811846 -0.121732 0 0 0 0.34757 0.640184 0.213111 0 0 0 0.00837723 -0.135734 -0.251767 -5.55111e-17 3.46944e-17 -0.263197 0.063458 0.156608 0.0849917 5.55112e-17 1.04083e-17 0.158701 0 0 0 -0.157453 -0.163704 -0.0161029 2.79122e-22 -1.66533e-16 -0.916593 -0.0315958 0.158847 0.0366001 5.10763e-23 5.55112e-17 0.346525 0 0 0 
0 0.744089 0.632067 -0.216387 -0.00468194 0.328819 0.944381 0.668064 -0.701691 0.24763 0.545233 3.53764 2.12888 0 -0.00629209 -0.731604 -1.23154 -0.127211 -0.084823 -0.483493 0.656338 -0.00590991 -0.0512523 0 0 0 0.113597 0.087264 -0.713244 -1.29478 -0.880498 1.22943 -0.834491 1.11022e-16 -0.36732 0.160932 0.270171 0.0432998 -0.0859746 -0.795858 0.0614999 0 0 0 -0.493527 -0.754311 0.352941 0 0 0 -0.0303625 -0.0971833 -0.481403 1.20493 0.921852 0.780243 0.552264 4.16334e-17 0.41668 -0.301502 -0.381526 0.115277 -0.167402 0.821306 -0.123077 0 0 0 0.354633 0.637595 0.216951 0 0 0 -0.0179056 -0.148192 -0.295681 -5.55112e-17 3.46945e-17 -0.242039 0.0416173 0.156042 0.102947 1.66533e-16 6.9389e-18 0.159781 0 0 0 -0.133139 -0.149516 0.0094986 -1.11022e-16 -4.16334e-17 -0.749914 -0.0364935 0.152277 0.05428 5.55111e-17 5.55111e-17 0.330195 0 0 0 
0 0.777221 0.597578 -0.19705 -0.010539 0.32548 0.94549 0.62914 -0.732778 0.259268 0.630551 3.5289 2.03309 0 -0.013559 -0.680446 -1.23073 -0.136438 -0.0984848 -0.47261 0.650443 -0.00213178 -0.0447139 0 0 0 0.111269 0.0960671 -0.696851 -1.2859 -0.873528 1.20892 -0.89256 1.11022e-16 -0.356581 0.158446 0.280201 0.0441605 -0.0805976 -0.796229 0.0576658 0 0 0 -0.492421 -0.757886 0.353311 0 0 0 -0.0374512 -0.0922796 -0.491269 1.19401 0.932397 0.78118 0.534312 -5.55112e-17 0.423731 -0.308171 -0.379289 0.117317 -0.167672 0.814804 -0.122537 0 0 0 0.360309 0.639543 0.221178 0 0 0 -0.045123 -0.164042 -0.329912 1.11022e-16 -2.08167e-17 -0.234562 0.0297714 0.162005 0.125468 -5.55112e-17 6.9389e-18 0.168165 0 0 0 -0.106915 -0.141763 0.0162812 5.55112e-17 1.38778e-17 -0.53608 -0.00878636 0.157801 0.0535866 8.83973e-24 1.04083e-17 0.324315 0 0 0 
0 0.807912 0.5626 -0.175382 -0.0188181 0.322087 0.946523 0.589002 -0.761407 0.270805 0.71384 3.51512 1.93595 0 -0.023288 -0.629824 -1.22908 -0.145661 -0.113704 -0.463037 0.647074 0.00210007 -0.0397294 0 0 0 0.108797 0.101847 -0.68774 -1.2835 -0.864368 1.20255 -0.934411 5.55111e-17 -0.344579 0.157941 0.286339 0.044954 -0.0797086 -0.801121 0.0573001 0 0 0 -0.489782 -0.759512 0.351811 0 0 0 -0.0416493 -0.0891109 -0.495164 1.18445 0.945004 0.780999 0.511268 -4.85723e-17 0.423244 -0.311993 -0.381534 0.119518 -0.167 0.825281 -0.123225 0 0 0 0.359988 0.648992 0.22368 0 0 0 -0.0779482 -0.184144 -0.354071 -1.11022e-16 2.77556e-17 -0.242863 0.0249339 0.167276 0.150954 -5.55111e-17 -6.9389e-18 0.178633 0 0 0 -0.100955 -0.141187 0.0093123 5.55111e-17 -0 -0.301251 0.0585362 0.177307 0.0316138 0 -0 0.316327 0 0 0 
0 0.833651 0.530024 -0.155244 -0.0270842 0.319986 0.947035 0.551627 -0.785292 0.281112 0.801286 3.49779 1.83543 0 -0.0324772 -0.584314 -1.22704 -0.148688 -0.124077 -0.45484 0.642352 0.0036851 -0.0385577 0 0 0 0.102078 0.103964 -0.670041 -1.27536 -0.871958 1.18987 -0.957545 1.66534e-16 -0.336779 0.155734 0.290035 0.0448704 -0.0817791 -0.803958 0.0589549 0 0 0 -0.483401 -0.761778 0.347604 0 0 0 -0.0483758 -0.0875682 -0.49893 1.1768 0.955319 0.78257 0.490218 2.77555e-16 0.414669 -0.316233 -0.378911 0.120453 -0.1615 0.828482 -0.119484 0 0 0 0.360868 0.655819 0.2262 0 0 0 -0.0875536 -0.191029 -0.380419 5.55112e-17 1.38778e-17 -0.260878 -5.98582e-06 0.160852 0.177041 1.06688e-24 -6.93889e-18 0.193136 0 0 0 -0.132101 -0.137683 -0.00150224 0 -0 -0.0871125 0.124369 0.22827 -0.00115879 1.11022e-16 -0 0.316803 0 0 0 
0 0.854774 0.500053 -0.138954 -0.0337121 0.320664 0.946593 0.517904 -0.804439 0.290953 0.892043 3.47871 1.73345 0 -0.0394193 -0.544399 -1.22375 -0.149095 -0.130266 -0.452481 0.640178 0.0011653 -0.0371145 0 0 0 0.0989133 0.104788 -0.651243 -1.27556 -0.884357 1.18702 -0.956725 2.22045e-16 -0.344186 0.153779 0.292213 0.044623 -0.0814317 -0.805673 0.0588028 0 0 0 -0.490853 -0.771155 0.356597 0 0 0 -0.050294 -0.0866499 -0.505637 1.16652 0.959183 0.778514 0.479515 -7.63278e-17 0.414957 -0.320832 -0.378406 0.122159 -0.16069 0.829174 -0.118955 0 0 0 0.373853 0.642574 0.230904 0 0 0 -0.0885065 -0.190096 -0.410185 -1.66533e-16 -4.16334e-17 -0.282712 -0.0272299 0.153002 0.201438 5.55111e-17 -0 0.209469 0 0 0 -0.171268 -0.126567 0.00630524 0 -0 0.00836646 0.138578 0.295006 -0.0202635 0 -0 0.318046 0 0 0 
0 0.877403 0.463851 -0.122501 -0.0394365 0.324211 0.945163 0.478131 -0.824457 0.302756 0.98343 3.46278 1.62452 0 -0.0449166 -0.498525 -1.21887 -0.158997 -0.136969 -0.452337 0.641176 0.00051205 -0.0386039 0 0 0 0.10091 0.100698 -0.659791 -1.27888 -0.878378 1.18715 -0.9395 -1.66534e-16 -0.349403 0.155645 0.288933 0.0446801 -0.0739807 -0.809712 0.053615 0 0 0 -0.493455 -0.7765 0.360443 0 0 0 -0.0498053 -0.0849113 -0.504916 1.15379 0.961902 0.771544 0.468014 2.77556e-17 0.411137 -0.323733 -0.379342 0.123619 -0.154843 0.835863 -0.115284 0 0 0 0.389489 0.638413 0.239893 0 0 0 -0.102419 -0.194008 -0.439369 -1.11022e-16 4.16334e-17 -0.308194 -0.0455368 0.143167 0.211369 5.55111e-17 -0 0.239869 0 0 0 -0.164187 -0.126987 0.0235856 -1.19527e-24 -2.77555e-17 -0.0348712 0.12541 0.255911 -0.011061 -1.07826e-23 -5.55111e-17 0.319634 0 0 0 
0 0.898558 0.425569 -0.107168 -0.0417656 0.326017 0.944441 0.436864 -0.844159 0.310719 1.08259 3.45002 1.50849 0 -0.0464473 -0.452109 -1.21811 -0.172825 -0.13972 -0.444941 0.644247 0.00560378 -0.0481266 0 0 0 0.103247 0.096312 -0.670461 -1.28452 -0.887597 1.19733 -0.905222 -2.22045e-16 -0.363718 0.158867 0.284569 0.0449496 -0.0835372 -0.81039 0.0605943 0 0 0 -0.496925 -0.773986 0.362338 0 0 0 -0.0510839 -0.084781 -0.501688 1.14886 0.96378 0.773874 0.453211 1.52656e-16 0.405862 -0.325705 -0.380108 0.124656 -0.155344 0.848588 -0.116973 0 0 0 0.384986 0.638593 0.236992 0 0 0 -0.120267 -0.190364 -0.466128 1.11022e-16 6.9389e-17 -0.33718 -0.0740538 0.127488 0.207938 0 -0 0.281043 0 0 0 -0.122792 -0.127164 0.0290583 -1.11022e-16 -1.11022e-16 -0.133458 0.110443 0.183579 0.00586084 -7.64476e-24 1.38778e-17 0.31543 0 0 0 
1 2 2.39392 0.183619 0.308642 0 1 0 0.917717 0.382544 -0.107031 -0.0275937 0.330181 0.943514 0.396275 -0.862926 0.313568 1.19637 3.44584 1.38767 0 -0.0300587 -0.407456 -1.22225 -0.18681 -0.120404 -0.442491 0.644937 0.00214696 -0.0601866 0 0 0 0.108829 0.0793158 -0.680977 -1.2689 -0.897142 1.17714 -0.857316 1.11022e-16 -0.373788 0.157191 0.276722 0.0432754 -0.0736123 -0.803489 0.05303 0 0 0 -0.485201 -0.76736 0.350878 0 0 0 -0.0537483 -0.0838509 -0.49901 1.1365 0.963417 0.771581 0.44615 3.46944e-17 0.414456 -0.322242 -0.390744 0.126487 -0.154277 0.862648 -0.117575 0 0 0 0.373404 0.662684 0.236531 0 0 0 -0.144016 -0.164392 -0.49362 5.55112e-17 5.55112e-17 -0.376785 -0.112354 0.0943582 0.186955 -5.55111e-17 -0 0.340027 0 0 0 -0.0727901 -0.109375 0.00746417 -5.64699e-24 -2.77555e-17 -0.204956 0.073329 0.0934641 -0.0288004 9.48792e-25 -6.9389e-18 0.276612 0 0 0 
1 2 2.40272 0.183619 0.282387 0 1 0 0.931178 0.344865 -0.118216 -0.00407124 0.334084 0.942535 0.364542 -0.877186 0.312495 1.31276 3.4578 1.26923 0 -0.00437211 -0.373141 -1.22857 -0.190535 -0.0834178 -0.451222 0.650952 -0.0109962 -0.0669043 0 0 0 0.113975 0.0590235 -0.675435 -1.25222 -0.921707 1.16057 -0.796827 1.11022e-16 -0.393989 0.158258 0.269079 0.042401 -0.0930712 -0.802874 0.0670586 0 0 0 -0.497913 -0.761677 0.35891 0 0 0 -0.0567999 -0.0912366 -0.496596 1.13888 0.957764 0.778504 0.441587 -4.16334e-17 0.428768 -0.320902 -0.413985 0.13292 -0.134207 0.888572 -0.104424 0 0 0 0.364734 0.674007 0.233945 0 0 0 -0.15957 -0.118606 -0.497455 1.11022e-16 9.71444e-17 -0.458318 -0.164437 0.0423148 0.127575 1.11022e-16 -0 0.431419 0 0 0 -0.0575687 -0.0738769 -0.00809337 -1.11022e-16 -1.38778e-17 -0.287498 0.0121337 0.0383313 0.0219853 -5.55112e-17 -3.46945e-18 0.0875532 0 0 0 
1 2 2.40216 0.183619 0.278799 0 1 0 0.944265 0.305339 -0.123011 0.0138875 0.3364 0.941617 0.328893 -0.890844 0.313411 1.42295 3.47776 1.1557 0 0.0147062 -0.335131 -1.23251 -0.188305 -0.0566575 -0.463258 0.659211 -0.0116377 -0.0639626 0 0 0 0.118403 0.0605448 -0.686318 -1.27914 -0.934999 1.20741 -0.729172 2.22044e-16 -0.433067 0.160512 0.264338 0.0422756 -0.101896 -0.806944 0.0737129 0 0 0 -0.493411 -0.762929 0.355812 0 0 0 -0.0520698 -0.105785 -0.493519 1.15109 0.958845 0.78835 0.451161 -1.63064e-16 0.446038 -0.319957 -0.429649 0.137155 -0.144057 0.890501 -0.112282 0 0 0 0.342849 0.682704 0.221494 0 0 0 -0.135819 -0.0387977 -0.446901 1.11022e-16 3.46944e-17 -0.619683 -0.258245 -0.0221564 -0.00470915 -5.50126e-22 -1.66534e-16 0.567497 0 0 0 -0.0876016 -0.0518963 -0.0545024 4.07492e-24 5.55111e-17 -0.302101 -0.00119933 0.0161796 0.0731701 -5.55112e-17 -6.93889e-18 0.0301684 0 0 0 
1 2 2.40277 0.183619 0.278702 0 1 0 0.958877 0.255866 -0.122833 0.0324566 0.331091 0.94304 0.281961 -0.908246 0.309171 1.51675 3.49628 1.05474 0 0.0338356 -0.285837 -1.2427 -0.186102 -0.0259896 -0.474786 0.658298 -0.016072 -0.0594391 0 0 0 0.110567 0.0629729 -0.695257 -1.30275 -0.949137 1.25514 -0.679965 2.77555e-17 -0.446272 0.165138 0.258188 0.0425234 -0.0804499 -0.807162 0.05817 0 0 0 -0.488901 -0.765773 0.353245 0 0 0 -0.0485657 -0.124545 -0.488654 1.15121 0.958278 0.775005 0.479592 6.07154e-17 0.47089 -0.313218 -0.435582 0.135816 -0.165162 0.878309 -0.127592 0 0 0 0.333021 0.672298 0.21218 0 0 0 -0.130692 0.0330731 -0.342926 5.55111e-17 3.64291e-17 -0.824871 -0.314629 -0.131385 -0.114361 2.77555e-17 -5.55111e-17 0.475208 0 0 0 -0.166311 -0.0444654 -0.111824 5.55111e-17 -0 -0.267601 0.0216289 0.00886334 0.0991667 5.55112e-17 3.46944e-18 0.0322779 0 0 0 
1 2 2.40257 0.183619 0.279064 0 1 0 0.97153 0.21391 -0.101839 0.0268778 0.327563 0.944447 0.235385 -0.920296 0.312488 1.58446 3.5163 0.960494 0 0.0276583 -0.237615 -1.24346 -0.170175 -0.0227383 -0.490659 0.657458 -0.0155435 -0.0491888 0 0 0 0.107844 0.0630434 -0.694278 -1.29649 -0.957772 1.2544 -0.647981 1.94289e-16 -0.450342 0.170222 0.248359 0.0422268 -0.0936481 -0.816883 0.0683655 0 0 0 -0.498314 -0.767987 0.36139 0 0 0 -0.0448621 -0.128958 -0.481258 1.12932 0.944622 0.733096 0.513115 1.04083e-16 0.489437 -0.296132 -0.449317 0.131753 -0.183586 0.877037 -0.141799 0 0 0 0.324792 0.666957 0.205354 0 0 0 -0.123298 0.0558843 -0.232553 1.42385e-22 4.85723e-17 -1.00348 -0.241285 -0.175857 -0.104983 -5.55112e-17 -5.55111e-17 0.312925 0 0 0 -0.276987 -0.0780408 -0.157535 2.38754e-23 4.16334e-17 -0.234481 0.0861611 -0.00595786 0.120409 0 -0 0.0341943 0 0 0 
1 2 2.40265 0.183619 0.279299 0 1 0 0.980083 0.18356 -0.0757877 0.0121712 0.32539 0.945501 0.198217 -0.927592 0.316675 1.64088 3.5358 0.868778 0 0.0124179 -0.199538 -1.24181 -0.142264 -0.0279795 -0.506005 0.652148 -0.010604 -0.0474021 0 0 0 0.108327 0.0626879 -0.694207 -1.28548 -0.964497 1.2554 -0.631649 -0 -0.45924 0.167034 0.24164 0.0403246 -0.0861333 -0.812489 0.0626061 0 0 0 -0.505247 -0.767228 0.366598 0 0 0 -0.0420711 -0.129539 -0.48053 1.10802 0.919455 0.69401 0.545576 8.32667e-17 0.503466 -0.279351 -0.478141 0.13123 -0.183178 0.891162 -0.143107 0 0 0 0.31564 0.674399 0.201154 0 0 0 -0.077919 0.0658762 -0.127307 4.35616e-23 -2.77556e-17 -1.1145 -0.121227 -0.106039 -0.0295904 1.28707e-24 -2.77556e-17 0.223207 0 0 0 -0.335752 -0.111444 -0.195513 1.38979e-24 6.93889e-18 -0.206877 0.113843 -0.010835 0.136923 5.55111e-17 3.46945e-18 0.0364163 0 0 0 
1 2 2.40326 0.183619 0.279568 0 1 0 0.986224 0.158211 -0.0482877 -0.0051947 0.321396 0.946931 0.165334 -0.933635 0.31779 1.68397 3.55136 0.77898 0 -0.00526722 -0.166097 -1.24272 -0.111059 -0.0308733 -0.517638 0.644014 -0.0122292 -0.052697 0 0 0 0.111072 0.0601347 -0.700419 -1.27587 -0.965157 1.25554 -0.629743 -1.38778e-17 -0.456819 0.161096 0.242248 0.0389619 -0.0587265 -0.80601 0.0423909 0 0 0 -0.497049 -0.766616 0.359924 0 0 0 -0.0420957 -0.139493 -0.4722 1.10135 0.907816 0.696447 0.570065 1.11022e-16 0.50694 -0.272181 -0.489958 0.130598 -0.165614 0.888257 -0.12898 0 0 0 0.327119 0.657412 0.204443 0 0 0 -0.0294799 0.0593147 -0.0310643 2.77556e-17 5.5511e-17 -1.14944 -0.0788107 -0.0571469 0.0133558 8.32667e-17 5.55112e-17 0.20087 0 0 0 -0.326335 -0.128944 -0.236195 -1.11022e-16 -1.38778e-17 -0.174247 0.0789093 -0.00148316 0.148567 -1.11022e-16 -1.04083e-17 0.0416839 0 0 0 
1 2 2.40372 0.183619 0.279551 0 1 0 0.991587 0.127172 -0.0241301 -0.0175924 0.317092 0.948232 0.12824 -0.93983 0.316661 1.72144 3.56152 0.689221 0 -0.0177398 -0.128595 -1.24581 -0.0905825 -0.0321441 -0.526204 0.6404 -0.0184307 -0.0581906 0 0 0 0.116973 0.0563237 -0.717129 -1.26893 -0.956342 1.25482 -0.638434 -3.33067e-16 -0.44276 0.160885 0.24384 0.0391593 -0.0624498 -0.807294 0.0451436 0 0 0 -0.486457 -0.761088 0.349754 0 0 0 -0.0431144 -0.146157 -0.469688 1.09401 0.890434 0.695447 0.593368 1.38778e-17 0.523536 -0.267928 -0.501484 0.131214 -0.171083 0.874722 -0.131812 0 0 0 0.343801 0.636938 0.209794 0 0 0 0.0169785 0.0463975 0.0457596 7.85512e-23 -2.08167e-17 -1.10782 -0.0904049 -0.0390249 0.0518496 -2.77555e-17 -1.38778e-17 0.195445 0 0 0 -0.315087 -0.139904 -0.275895 -5.55112e-17 6.07153e-18 -0.146999 0.0367684 0.0107304 0.158204 5.55112e-17 1.73472e-18 0.0494476 0 0 0 
1 2 2.40416 0.183619 0.279458 0 1 0 0.995872 0.0907567 -0.00135005 -0.0272001 0.31259 0.949499 0.0865954 -0.945542 0.313769 1.75224 3.56488 0.597599 0 -0.027306 -0.086704 -1.25039 -0.0797503 -0.0356837 -0.531097 0.639549 -0.0232885 -0.0588837 0 0 0 0.121787 0.0530567 -0.730723 -1.25977 -0.951704 1.24839 -0.650158 -2.42862e-16 -0.427976 0.156656 0.24274 0.0379475 -0.0716952 -0.807989 0.0518704 0 0 0 -0.492626 -0.761785 0.354804 0 0 0 -0.0426273 -0.147669 -0.463076 1.07891 0.878167 0.681772 0.612138 2.22044e-16 0.538902 -0.264206 -0.506966 0.130605 -0.167474 0.852259 -0.126584 0 0 0 0.369381 0.603295 0.216227 0 0 0 0.0580284 0.0209872 0.0981485 -6.9389e-18 -3.46945e-18 -0.994818 -0.0609326 -0.0421863 0.077523 -6.93889e-18 3.46944e-18 0.21455 0 0 0 -0.306048 -0.148209 -0.311039 1.11022e-16 -3.46945e-18 -0.131458 -0.00689741 0.0229668 0.172972 1.66533e-16 -3.46944e-18 0.0562265 0 0 0 
