size 1000
-0.928765 0.370668 0 -14.8626 -0.370668 -0.928765 0 1.13271 0 0 1 -8.83492 
-0.703533 -0.710662 0 -14.226 0.710662 -0.703533 0 1.22646 0 0 1 -7.06047 
-0.998424 -0.0561144 0 -15.2013 0.0561144 -0.998424 0 1.30409 0 0 1 -9.51447 
0.0553885 -0.881527 -0.468873 -15.7313 -0.930852 -0.215455 0.295115 0.76171 -0.361173 0.420105 -0.832506 -14.7905 
0.669512 0.742801 0 -14.303 -0.742801 0.669512 0 1.01857 0 0 1 -10.5439 
0.12427 0.992248 0 -15.4845 -0.992248 0.12427 0 1.55683 0 0 1 -11.4595 
-0.798116 -0.602504 0 -15.2332 0.602504 -0.798116 0 1.9602 0 0 1 -9.21186 
-0.881368 0.438801 0.175053 -8.85814 0.00976142 0.387372 -0.921872 1.52966 -0.472329 -0.8108 -0.345701 -15.5811 
-0.746761 -0.665093 0 -16.9184 0.665093 -0.746761 0 0.0479108 0 0 1 -5.87213 
0.283236 0.952173 0.114647 -17.4752 -0.949251 0.295377 -0.10805 -1.26173 -0.136746 -0.0782249 0.987513 -8.06366 
-0.482955 0.853252 -0.196764 -18.2926 -0.646035 -0.195516 0.737843 0.953122 0.591095 0.483461 0.645656 -7.06556 
-0.430367 0.87573 0.218817 -15.5897 -0.705972 -0.175494 -0.686152 -1.21568 -0.562483 -0.449776 0.693768 -10.9348 
-0.905166 -0.425059 0 -15.1552 0.425059 -0.905166 0 -0.322619 0 0 1 -6.14517 
0.79949 -0.60068 0 -14.8832 0.60068 0.79949 0 0.883876 0 0 1 -9.53739 
0.274301 -0.599437 -0.751954 -18.3269 -0.0363691 -0.787854 0.614788 -1.35392 -0.960956 -0.141289 -0.23791 -10.8299 
-0.155275 -0.00090557 0.987871 -15.4409 0.642542 -0.759658 0.100299 -0.400994 0.750353 0.650322 0.118538 -5.78827 
-0.949799 0.31286 0 -14.6457 -0.31286 -0.949799 0 0.842402 0 0 1 -10.3168 
-0.931364 -0.0518982 0.360372 -18.3001 0.33802 0.244541 0.908814 0.503865 -0.135291 0.968249 -0.210214 -9.57003 
-0.967233 0.253892 0 -14.5358 -0.253892 -0.967233 0 0.285711 0 0 1 -8.5326 
-0.030602 0.153844 0.987621 -14.5886 -0.108509 -0.982756 0.149724 0.701739 0.993624 -0.102584 0.0467677 -10.6857 
0.613021 0.790067 0 -15.8255 -0.790067 0.613021 0 1.72197 0 0 1 -8.37485 
0.993608 0.112889 0 -18.2728 -0.112889 0.993608 0 0.548163 0 0 1 -10.1542 
0.929636 0.368479 0 -14.9001 -0.368479 0.929636 0 1.83115 0 0 1 -6.9607 
0.937169 -0.348876 0 -14.9092 0.348876 0.937169 0 1.32407 0 0 1 -10.631 
-0.544229 -0.838936 0 -18.3581 0.838936 -0.544229 0 1.77836 0 0 1 -9.95973 
0.129636 0.0696658 0.989111 -16.3638 -0.304385 -0.94657 0.106563 -1.39869 0.943686 -0.314885 -0.101505 -9.8984 
0.703611 0.710585 0 -15.3998 -0.710585 0.703611 0 0.533079 0 0 1 -13.234 
0.88006 0.474863 0 -17.7975 -0.474863 0.88006 0 0.300189 0 0 1 -5.36471 
0.202682 0.979245 0 -15.4002 -0.979245 0.202682 0 0.850223 0 0 1 -6.93822 
0.518154 -0.657194 0.547368 -15.639 0.748805 0.657825 0.0809744 0.415373 -0.413289 0.367915 0.832965 -16.2117 
-0.879922 0.475118 0 -11.8183 -0.475118 -0.879922 0 0.301336 0 0 1 -13.9817 
-0.0451641 -0.99898 0 -14.9362 0.99898 -0.0451641 0 1.35898 0 0 1 -9.11058 
-0.144414 0.989517 0 -14.0463 -0.989517 -0.144414 0 0.180786 0 0 1 -10.3205 
-0.45884 0.202962 0.865027 -14.0847 -0.665641 0.566357 -0.485964 0.432222 -0.588547 -0.798778 -0.124767 -8.43108 
0.979075 -0.203498 0 -18.8507 0.203498 0.979075 0 0.416089 0 0 1 -5.57168 
-0.108603 0.994085 0 -12.2704 -0.994085 -0.108603 0 -0.221947 0 0 1 -6.19931 
-0.140421 0.990092 0 -13.7692 -0.990092 -0.140421 0 -0.0803376 0 0 1 -9.1251 
-0.407605 -0.913158 0 -18.7584 0.913158 -0.407605 0 1.61365 0 0 1 -12.9709 
-0.761339 -0.648354 0 -16.7171 0.648354 -0.761339 0 0.571625 0 0 1 -12.7289 
0.986705 0.162524 0 -16.8385 -0.162524 0.986705 0 -0.298557 0 0 1 -6.04312 
0.364601 0.931164 0 -13.9641 -0.931164 0.364601 0 0.577256 0 0 1 -9.99084 
-0.346422 -0.938079 0 -15.3411 0.938079 -0.346422 0 1.15215 0 0 1 -6.94069 
-0.353194 -0.93555 0 -14.1902 0.93555 -0.353194 0 1.04699 0 0 1 -9.3911 
-0.158966 -0.831207 -0.532751 -14.0768 0.0483388 -0.545519 0.836703 0.279587 -0.9861 0.107255 0.126898 -9.45269 
0.199271 -0.0626857 -0.977937 -12.7586 0.496897 0.866605 0.0457018 1.1343 0.844621 -0.495041 0.203838 -7.34047 
-0.911221 -0.411918 0 -15.7475 0.411918 -0.911221 0 0.612905 0 0 1 -12.7988 
0.499505 0.866311 0 -14.0142 -0.866311 0.499505 0 1.31907 0 0 1 -9.74925 
-0.99954 -0.0303238 0 -16.0887 0.0303238 -0.99954 0 0.455286 0 0 1 -6.18142 
-0.846647 0.532155 0 -14.4684 -0.532155 -0.846647 0 0.679303 0 0 1 -10.6398 
0.122433 -0.992477 0 -13.9488 0.992477 0.122433 0 0.0781698 0 0 1 -10.5494 
-0.642556 -0.766239 0 -13.9155 0.766239 -0.642556 0 0.209916 0 0 1 -10.5866 
-0.999993 0.00363888 0 -14.4223 -0.00363888 -0.999993 0 0.832852 0 0 1 -8.56979 
0.725082 -0.681268 -0.100644 -15.0945 0.439448 0.570243 -0.694052 -1.33114 0.530227 0.459017 0.712855 -8.44483 
-0.92674 -0.375702 0 -12.3584 0.375702 -0.92674 0 0.283651 0 0 1 -7.81987 
0.853832 -0.520549 0 -9.4074 0.520549 0.853832 0 0.751205 0 0 1 -16.6355 
-0.084074 -0.340164 0.9366 -15.4284 0.098796 0.932451 0.347526 -1.38756 -0.99155 0.12175 -0.0447881 -7.40336 
-0.976963 -0.213411 0 -14.8798 0.213411 -0.976963 0 0.987256 0 0 1 -9.52603 
0.757479 -0.65286 0 -15.5456 0.65286 0.757479 0 1.16938 0 0 1 -10.3521 
0.360987 -0.932571 0 -14.5081 0.932571 0.360987 0 0.644411 0 0 1 -10.4159 
0.259633 -0.965454 -0.0220947 -14.0594 0.271636 0.0510556 0.961045 0.234148 -0.926717 -0.255521 0.275508 -10.3506 
0.959899 0.280346 0 -14.735 -0.280346 0.959899 0 1.36436 0 0 1 -9.40196 
-0.0133716 -0.849227 0.527858 -14.5924 -0.0549893 -0.526482 -0.848406 1.02235 0.998397 -0.0403711 -0.0396585 -8.57199 
0.472307 -0.881434 0 -18.4055 0.881434 0.472307 0 1.5317 0 0 1 -9.98434 
0.25195 -0.96774 0 -15.1206 0.96774 0.25195 0 1.02691 0 0 1 -10.5288 
0.962567 0.252449 -0.0986608 -16.1556 -0.248913 0.679274 -0.690383 1.6763 -0.107269 0.689098 0.716685 -8.56823 
-0.86716 -0.49803 0 -17.1186 0.49803 -0.86716 0 0.198498 0 0 1 -5.66224 
-0.999319 -0.0368966 0 -14.5957 0.0368966 -0.999319 0 1.11621 0 0 1 -10.6421 
0.526869 -0.849946 0 -13.9084 0.849946 0.526869 0 0.928108 0 0 1 -7.04661 
-0.32244 0.0224407 -0.946324 -15.9886 -0.342363 0.929275 0.138689 0.390288 0.882508 0.368705 -0.291952 -5.84547 
0.276924 0.883659 0.377439 -13.9982 0.0960831 0.365368 -0.925891 0.891047 -0.956076 0.292667 0.0162743 -7.25618 
0.891981 -0.452074 0 -17.6312 0.452074 0.891981 0 0.284654 0 0 1 -9.83967 
0.902732 0.430203 0 -10.7077 -0.430203 0.902732 0 0.386282 0 0 1 -14.3879 
-0.837626 -0.110698 0.53491 -14.2694 -0.211545 -0.837097 -0.504497 0.659619 0.503618 -0.535737 0.677757 -9.83941 
0.99969 0.0248916 0 -17.5493 -0.0248916 0.99969 0 1.84884 0 0 1 -12.7772 
0.996129 -0.087909 0 -15.459 0.087909 0.996129 0 1.57226 0 0 1 -10.3749 
-0.996402 0.0847564 0 -15.6104 -0.0847564 -0.996402 0 1.14417 0 0 1 -10.6877 
-0.774829 -0.632171 0 -15.4472 0.632171 -0.774829 0 1.31659 0 0 1 -10.5086 
0.57896 0.815356 0 -14.5006 -0.815356 0.57896 0 0.894778 0 0 1 -8.81824 
0.894781 0.388752 0.219632 -17.8336 -0.0141982 0.516417 -0.85622 0.623647 -0.446279 0.763011 0.4676 -9.99771 
-0.8727 -0.488257 0 -17.444 0.488257 -0.8727 0 1.83269 0 0 1 -12.6579 
-0.884854 0.465868 0 -15.2454 -0.465868 -0.884854 0 0.133079 0 0 1 -6.08299 
-0.937735 -0.34735 0 -17.5426 0.34735 -0.937735 0 0.316891 0 0 1 -9.00465 
-0.865201 0.501426 0 -15.6006 -0.501426 -0.865201 0 1.8406 0 0 1 -7.01291 
0.276864 -0.960909 0 -17.8669 0.960909 0.276864 0 1.44106 0 0 1 -12.5084 
0.235111 0.971969 0 -14.8535 -0.971969 0.235111 0 0.996584 0 0 1 -7.01922 
-0.154384 0.988011 0 -13.6055 -0.988011 -0.154384 0 1.31393 0 0 1 -7.28258 
-0.997724 -0.0674339 0 -18.5004 0.0674339 -0.997724 0 -0.0426571 0 0 1 -5.4046 
0.854419 0.519584 0 -17.3245 -0.519584 0.854419 0 0.496027 0 0 1 -5.43875 
-0.135754 -0.990743 0 -15.2717 0.990743 -0.135754 0 1.81976 0 0 1 -6.93454 
-0.999965 -0.00836391 0 -7.90263 0.00836391 -0.999965 0 0.729463 0 0 1 -16.7894 
-0.999588 -0.0287058 0 -15.6742 0.0287058 -0.999588 0 1.47407 0 0 1 -10.4992 
-0.815215 0.579158 0 -7.57378 -0.579158 -0.815215 0 1.70654 0 0 1 -16.357 
0.925017 0.379927 0 -15.431 -0.379927 0.925017 0 0.811262 0 0 1 -14.8622 
-0.339492 0.940609 0 -15.3642 -0.940609 -0.339492 0 1.67733 0 0 1 -9.3501 
-0.724033 -0.689766 0 -14.1624 0.689766 -0.724033 0 0.947853 0 0 1 -6.90949 
-0.999676 0.0254492 0 -15.4458 -0.0254492 -0.999676 0 1.10116 0 0 1 -6.92072 
0.918428 0.395589 0 -14.1858 -0.395589 0.918428 0 0.502567 0 0 1 -10.5565 
0.199709 0.531539 -0.823154 -16.339 0.203404 0.799289 0.565477 1.48039 0.958511 -0.280363 0.0515082 -8.74337 
0.244346 -0.969688 0 -14.7762 0.969688 0.244346 0 1.54265 0 0 1 -7.04868 
0.686825 0.726822 0 -14.3295 -0.726822 0.686825 0 0.917385 0 0 1 -9.34617 
0.0940566 -0.995567 0 -13.8469 0.995567 0.0940566 0 0.123425 0 0 1 -7.1821 
-0.516796 0.856109 0 -14.3476 -0.856109 -0.516796 0 0.607069 0 0 1 -10.7057 
0.520856 0.853645 0 -16.2436 -0.853645 0.520856 0 0.621985 0 0 1 -16.1989 
-0.989888 -0.141854 0 -14.6039 0.141854 -0.989888 0 1.25899 0 0 1 -9.47839 
-0.980236 0.197833 0 -14.776 -0.197833 -0.980236 0 1.07245 0 0 1 -9.03585 
-0.317444 0.948277 0 -16.7439 -0.948277 -0.317444 0 1.58203 0 0 1 -8.85103 
-0.462012 0.197744 -0.864548 -16.8211 -0.825321 0.260971 0.50074 0.547281 0.32464 0.944877 0.0426309 -5.5691 
0.0823351 0.737203 -0.670636 -15.6423 0.876484 0.266715 0.400797 1.6721 0.474338 -0.620802 -0.624187 -10.8443 
0.646611 0.76282 0 -14.0419 -0.76282 0.646611 0 0.303097 0 0 1 -8.88555 
0.910346 0.413848 0 -14.205 -0.413848 0.910346 0 0.365931 0 0 1 -10.1554 
0.244642 -0.752771 -0.611134 -17.3339 0.670937 -0.323599 0.667178 0.418652 -0.699995 -0.573253 0.425896 -9.0212 
0.110513 -0.993875 0 -16.5215 0.993875 0.110513 0 1.62808 0 0 1 -16.4897 
0.997597 0.0692795 0 -15.2171 -0.0692795 0.997597 0 1.15632 0 0 1 -8.67079 
0.836749 -0.547353 -0.0160061 -18.6335 0.543581 0.833802 -0.0964073 1.74635 0.0661147 0.0719681 0.995213 -13.1823 
-0.645191 -0.764021 0 -15.3626 0.764021 -0.645191 0 0.594217 0 0 1 -12.0592 
-0.998951 0.0457968 0 -14.4888 -0.0457968 -0.998951 0 1.41847 0 0 1 -7.0791 
-0.695266 -0.718752 0 -14.0275 0.718752 -0.695266 0 1.25351 0 0 1 -7.34005 
-0.471753 -0.842196 -0.261065 -15.1361 0.382932 0.0710079 -0.921044 1.77924 0.794237 -0.534475 0.289005 -9.3524 
-0.0146816 -0.726689 -0.68681 -16.2409 0.336318 -0.650452 0.68103 -1.47803 -0.941634 -0.220988 0.253948 -10.0997 
-0.801415 0.598108 0 -15.7093 -0.598108 -0.801415 0 0.905572 0 0 1 -12.0817 
0.217957 0.975958 0 -15.705 -0.975958 0.217957 0 0.639443 0 0 1 -16.5093 
0.856294 0.516488 0 -18.8421 -0.516488 0.856294 0 0.953096 0 0 1 -8.10751 
0.832799 0.344224 0.433537 -17.8169 0.343859 -0.935418 0.082181 0.710089 0.433827 0.0806352 -0.89738 -10.0146 
-0.3799 -0.897497 -0.223999 -16.8744 -0.76558 0.440974 -0.468433 -0.0286529 0.519195 -0.00646875 -0.854631 -5.88397 
-0.0738603 0.997269 0 -14.0606 -0.997269 -0.0738603 0 0.134313 0 0 1 -9.28037 
-0.967233 -0.253892 0 -17.8469 0.253892 -0.967233 0 0.397738 0 0 1 -8.03184 
0.272469 0.962165 0 -18.3322 -0.962165 0.272469 0 0.09406 0 0 1 -7.39215 
-0.992379 -0.123225 0 -17.9012 0.123225 -0.992379 0 0.474468 0 0 1 -9.56837 
-0.0552893 0.99847 0 -15.451 -0.99847 -0.0552893 0 1.71787 0 0 1 -8.94774 
0.0742424 0.9359 0.344353 -18.7185 0.498669 0.264193 -0.825549 0.845686 -0.863607 0.233009 -0.44709 -9.68135 
0.29588 0.943103 -0.151693 -17.9828 -0.904622 0.327652 0.272588 1.45847 0.306781 0.0565719 0.950097 -5.34671 
-0.860225 -0.509915 0 -14.0099 0.509915 -0.860225 0 1.12426 0 0 1 -9.90842 
-0.249005 -0.873787 0.417722 -15.9387 -0.954809 0.293747 0.0452933 0.557231 -0.162282 -0.387567 -0.907445 -15.1796 
0.999951 0.00987611 0 -15.6656 -0.00987611 0.999951 0 1.74213 0 0 1 -6.90915 
0.787172 0.616733 0 -14.133 -0.616733 0.787172 0 0.467923 0 0 1 -9.33344 
0.034166 0.996783 -0.072502 -14.0212 0.0556371 -0.0743288 -0.995681 0.0101038 -0.997866 0.0299846 -0.0579976 -8.31153 
-0.968235 -0.250041 0 -17.4187 0.250041 -0.968235 0 1.22626 0 0 1 -9.91314 
-0.936889 -0.349626 0 -14.3102 0.349626 -0.936889 0 0.486717 0 0 1 -9.4757 
-0.813327 0.581806 0 -16.2244 -0.581806 -0.813327 0 0.727026 0 0 1 -15.6767 
-0.82849 -0.276803 0.48681 -14.4786 0.456997 -0.836612 0.302049 1.4205 0.323663 0.472715 0.819623 -10.6908 
0.99593 -0.0901304 0 -14.4751 0.0901304 0.99593 0 1.14299 0 0 1 -9.61418 
0.70774 0.706473 0 -15.5241 -0.706473 0.70774 0 1.34388 0 0 1 -10.694 
0.960156 -0.279466 0 -15.4966 0.279466 0.960156 0 1.23131 0 0 1 -10.5905 
0.128682 0.991686 0 -15.3715 -0.991686 0.128682 0 1.6323 0 0 1 -9.5925 
0.213775 0.226144 0.950347 -13.2675 -0.302962 -0.909521 0.284578 0.435038 0.928717 -0.348755 -0.12592 -5.74139 
0.93059 0.366064 0 -15.8063 -0.366064 0.93059 0 0.996827 0 0 1 -16.7039 
0.384033 0.642356 0.663248 -18.5284 0.573344 -0.728961 0.374022 -0.388225 0.723737 0.236632 -0.648236 -13.1011 
0.143805 -0.707358 0.692073 -14.9087 -0.0237326 -0.701606 -0.71217 1.14596 0.989321 0.0859886 -0.117682 -10.4999 
0.0738145 -0.997272 0 -18.4087 0.997272 0.0738145 0 1.65592 0 0 1 -9.66569 
-0.30186 -0.953352 0 -13.933 0.953352 -0.30186 0 0.649685 0 0 1 -7.0105 
0.991316 0.0978599 -0.0878413 -7.70019 -0.10964 0.246246 -0.962986 -0.389416 -0.0726071 0.964254 0.254837 -12.3621 
-0.477639 0.878556 0 -13.2588 -0.878556 -0.477639 0 0.144905 0 0 1 -8.05877 
0.977762 0.209715 0 -14.5532 -0.209715 0.977762 0 0.829018 0 0 1 -8.68875 
-0.541468 -0.807901 -0.232611 -7.18785 -0.781715 0.381986 0.492958 -0.0456412 -0.309407 0.448757 -0.838382 -16.6691 
-0.752916 0.658117 0 -14.7673 -0.658117 -0.752916 0 0.479942 0 0 1 -9.0754 
0.711974 0.702206 0 -13.9999 -0.702206 0.711974 0 0.742221 0 0 1 -7.09523 
0.853334 -0.521364 0 -7.43746 0.521364 0.853334 0 -0.0375266 0 0 1 -15.5367 
0.720702 0.693245 0 -15.6923 -0.693245 0.720702 0 1.7954 0 0 1 -7.01594 
-0.862787 0.505567 0 -14.9234 -0.505567 -0.862787 0 0.842257 0 0 1 -9.21787 
-0.433622 0.90014 0.0414652 -18.1164 0.19264 0.0476509 0.980112 1.91434 0.880262 0.432986 -0.194066 -9.5481 
-0.175981 0.915459 0.361893 -13.9925 -0.100789 -0.382455 0.918461 0.216698 0.97922 0.125157 0.159573 -10.0815 
-0.432714 -0.85852 0.275139 -14.2532 -0.131677 0.362105 0.92279 1.34387 -0.891863 0.363075 -0.269735 -7.25579 
0.84661 0.532214 0 -17.9576 -0.532214 0.84661 0 0.382769 0 0 1 -8.04682 
0.915297 -0.402779 0 -14.6453 0.402779 0.915297 0 1.96177 0 0 1 -7.03057 
0.230235 -0.973135 0 -14.5258 0.973135 0.230235 0 0.657603 0 0 1 -9.53044 
0.87403 -0.485872 0 -14.8744 0.485872 0.87403 0 1.05163 0 0 1 -9.29409 
0.810539 0.432781 0.394623 -14.0023 -0.0536636 -0.616068 0.785863 0.511823 0.583221 -0.658149 -0.476123 -7.60708 
-0.687768 0.725931 0 -12.2601 -0.725931 -0.687768 0 0.285412 0 0 1 -7.22658 
0.880894 -0.435621 -0.185096 -14.2149 -0.28667 -0.179863 -0.940994 0.0891153 0.376625 0.881977 -0.28332 -8.44 
0.919121 0.393975 0 -14.8209 -0.393975 0.919121 0 0.959738 0 0 1 -9.08184 
-0.764933 0.401724 -0.503483 -14.2965 -0.355051 0.389214 0.849972 0.47633 0.537417 0.828933 -0.15509 -9.25344 
0.316204 0.948691 0 -14.4058 -0.948691 0.316204 0 0.904494 0 0 1 -10.3391 
-0.205698 -0.978615 0 -13.9469 0.978615 -0.205698 0 0.549948 0 0 1 -7.72367 
0.627497 0.0765788 0.774844 -19.1817 0.0263521 0.992493 -0.11943 1.2248 -0.778173 0.0953608 0.620768 -11.2957 
0.873966 -0.485987 0 -7.59916 0.485987 0.873966 0 0.572837 0 0 1 -16.5964 
-0.420221 0.907422 0 -14.8691 -0.907422 -0.420221 0 1.72432 0 0 1 -7.74547 
-0.94435 0.328942 0 -16.701 -0.328942 -0.94435 0 0.941962 0 0 1 -5.85418 
0.841854 0.539706 0 -14.8234 -0.539706 0.841854 0 1.15079 0 0 1 -10.638 
0.00687949 -0.0363544 0.999315 -14.4313 -0.61101 0.790935 0.03298 0.41648 -0.791593 -0.610819 -0.0167717 -9.0751 
-0.83967 -0.543096 0 -17.9962 0.543096 -0.83967 0 1.84689 0 0 1 -12.5248 
0.404408 0.914579 0 -15.8222 -0.914579 0.404408 0 -0.287511 0 0 1 -6.10579 
-0.906904 0.421337 0 -16.6413 -0.421337 -0.906904 0 1.44904 0 0 1 -6.20913 
0.133063 -0.990657 0.0298822 -14.0335 0.000292118 -0.0301111 -0.999547 -0.160303 0.991108 0.133011 -0.00371727 -10.4398 
0.0908359 -0.35141 -0.931805 -14.5502 -0.420286 0.834736 -0.355773 0.703728 0.902834 0.423941 -0.0718685 -10.6358 
-0.112621 0.993638 0 -14.0716 -0.993638 -0.112621 0 0.28573 0 0 1 -10.1892 
0.445728 0.895168 0 -15.2759 -0.895168 0.445728 0 1.91421 0 0 1 -7.62336 
-0.946215 -0.323537 0 -18.9806 0.323537 -0.946215 0 0.72872 0 0 1 -9.59682 
-0.4365 0.899704 0 -14.8761 -0.899704 -0.4365 0 0.579396 0 0 1 -8.55572 
-0.255388 0.966839 0 -15.3667 -0.966839 -0.255388 0 0.228174 0 0 1 -13.8018 
0.0521378 -0.99864 0 -14.5385 0.99864 0.0521378 0 0.719637 0 0 1 -10.3888 
-0.321332 0.946967 0 -15.1931 -0.946967 -0.321332 0 1.00531 0 0 1 -10.5282 
0.0727 0.997354 0 -15.6136 -0.997354 0.0727 0 1.99373 0 0 1 -10.199 
0.544703 0.838629 0 -14.7265 -0.838629 0.544703 0 1.14684 0 0 1 -8.87635 
-0.994924 0.100633 0 -14.5149 -0.100633 -0.994924 0 0.467829 0 0 1 -8.98973 
-0.85634 -0.516413 0 -13.6528 0.516413 -0.85634 0 0.509743 0 0 1 -10.7331 
-0.999873 0.0159121 0 -14.4675 -0.0159121 -0.999873 0 0.498057 0 0 1 -7.29556 
-0.388884 -0.921287 0 -17.9337 0.921287 -0.388884 0 0.106707 0 0 1 -7.48233 
-0.505201 -0.620245 0.600057 -18.7195 -0.852959 0.253096 -0.456513 1.78974 0.131278 -0.742454 -0.656908 -5.65533 
-0.463693 0.885996 0 -14.545 -0.885996 -0.463693 0 1.51745 0 0 1 -7.50675 
-0.881343 0.472477 0 -14.8135 -0.472477 -0.881343 0 0.955228 0 0 1 -10.3872 
-0.224175 0.974549 0 -18.4955 -0.974549 -0.224175 0 0.865126 0 0 1 -7.44688 
0.992317 -0.123725 0 -14.4012 0.123725 0.992317 0 1.23286 0 0 1 -7.65747 
-0.565179 -0.386055 -0.729064 -15.5969 -0.486896 0.869509 -0.0829764 1.44113 0.665962 0.308082 -0.679397 -10.5874 
0.00195052 0.999998 0 -15.1259 -0.999998 0.00195052 0 1.75222 0 0 1 -9.49424 
0.406731 0.913548 0 -13.9529 -0.913548 0.406731 0 0.1042 0 0 1 -7.24504 
0.39689 0.187991 -0.898408 -15.834 -0.855318 -0.279391 -0.436316 1.6494 -0.333031 0.941594 0.0499042 -11.6479 
0.966437 0.256903 0 -14.975 -0.256903 0.966437 0 1.01529 0 0 1 -9.11427 
0.370811 0.928708 0 -13.964 -0.928708 0.370811 0 0.204289 0 0 1 -8.54419 
0.203777 -0.217787 -0.954486 -14.3672 0.533192 -0.79298 0.294769 0.843405 -0.821085 -0.568992 -0.045469 -9.11289 
0.870635 0.49193 0 -14.6283 -0.49193 0.870635 0 0.86466 0 0 1 -8.55951 
0.100467 0.99494 0 -14.0458 -0.99494 0.100467 0 0.476061 0 0 1 -10.0457 
-0.440053 -0.897972 0 -15.5242 0.897972 -0.440053 0 1.52077 0 0 1 -10.4467 
-0.969626 -0.244591 0 -14.3311 0.244591 -0.969626 0 0.771643 0 0 1 -10.3446 
0.142392 -0.756906 -0.637822 -16.7526 0.169608 -0.6162 0.769111 -1.30842 -0.975171 -0.217695 0.040635 -7.35568 
0.634318 0.747799 -0.196053 -16.9529 0.589963 -0.632136 -0.502342 0.407386 -0.499583 0.202981 -0.842149 -5.74285 
-0.853426 0.521213 0 -16.8416 -0.521213 -0.853426 0 0.458461 0 0 1 -8.69554 
-0.9857 0.168512 0 -15.2139 -0.168512 -0.9857 0 0.0266843 0 0 1 -6.19773 
0.264154 -0.414918 0.87067 -14.1886 -0.138167 -0.909703 -0.3916 0.559929 0.954533 -0.0168552 -0.29763 -10.4476 
0.00324835 0.955495 0.294989 -13.6596 -0.919121 0.119069 -0.375553 0.17002 -0.393963 -0.269911 0.878602 -9.57869 
-0.687299 0.389112 0.613361 -14.3217 -0.0552813 -0.869986 0.489968 0.615989 0.724268 0.302847 0.619451 -8.25007 
0.99806 0.0622626 0 -14.8023 -0.0622626 0.99806 0 1.96463 0 0 1 -7.28944 
-0.84599 0.533199 0 -15.7167 -0.533199 -0.84599 0 1.4602 0 0 1 -12.5051 
0.595503 -0.654027 0.466503 -18.4805 -0.637107 -0.0307574 0.770162 0.449732 -0.489358 -0.755846 -0.435001 -5.33166 
0.747663 -0.664078 0 -14.9297 0.664078 0.747663 0 0.679596 0 0 1 -9.1646 
0.979527 0.201313 0 -7.68921 -0.201313 0.979527 0 0.463659 0 0 1 -16.4914 
-0.512819 0.858497 0 -14.6154 -0.858497 -0.512819 0 0.442872 0 0 1 -8.64067 
0.00620941 0.999981 0 -18.5913 -0.999981 0.00620941 0 1.2784 0 0 1 -12.7868 
0.899839 -0.436221 0 -17.2645 0.436221 0.899839 0 1.28923 0 0 1 -12.7219 
-0.603209 -0.797583 0 -14.5004 0.797583 -0.603209 0 1.0226 0 0 1 -9.25033 
0.0128689 0.275793 0.961131 -14.2422 0.0173131 0.961005 -0.275989 0.948947 -0.999767 0.0201918 0.00759227 -8.75715 
-0.541887 -0.840451 0 -17.0551 0.840451 -0.541887 0 -0.490144 0 0 1 -5.71643 
-0.88975 0.456449 0 -9.90791 -0.456449 -0.88975 0 0.31381 0 0 1 -16.3271 
-0.937997 0.252286 0.237723 -18.3584 -0.243279 0.00941592 -0.969911 0.261366 -0.246934 -0.967607 0.0525438 -9.80813 
-0.1214 -0.992604 0 -14.2243 0.992604 -0.1214 0 0.76803 0 0 1 -10.3385 
-0.722718 0.546031 -0.423708 -14.8065 -0.456049 0.08389 0.885992 1.95139 0.519324 0.833554 0.188389 -7.44862 
-0.98905 -0.147583 0 -14.3576 0.147583 -0.98905 0 0.405367 0 0 1 -9.2841 
-0.26033 -0.96552 0 -14.8508 0.96552 -0.26033 0 0.870591 0 0 1 -8.78371 
0.935681 0.352848 0 -12.9613 -0.352848 0.935681 0 -0.212225 0 0 1 -6.07454 
-0.227249 -0.973837 0 -14.7633 0.973837 -0.227249 0 1.01084 0 0 1 -10.3959 
-0.570209 0.8215 0 -15.6485 -0.8215 -0.570209 0 1.17891 0 0 1 -11.4914 
-0.659677 -0.751549 0 -14.6241 0.751549 -0.659677 0 1.10176 0 0 1 -7.03496 
0.0226027 -0.927131 0.374056 -13.2611 0.106812 0.374249 0.921156 -0.363094 -0.994022 0.019133 0.107487 -6.02531 
-0.860678 -0.50915 0 -15.7556 0.50915 -0.860678 0 1.67314 0 0 1 -10.5166 
0.999968 0.00795994 0 -14.429 -0.00795994 0.999968 0 0.816993 0 0 1 -9.08528 
0.0256781 0.892715 -0.449889 -15.5923 -0.0323625 0.450544 0.892168 1.78887 0.999146 -0.00834965 0.0404596 -12.0324 
-0.828026 -0.560689 0 -7.52117 0.560689 -0.828026 0 1.91375 0 0 1 -12.5722 
-0.411247 0.911524 0 -18.8787 -0.911524 -0.411247 0 1.62376 0 0 1 -12.6886 
-0.36358 0.931563 0 -17.4296 -0.931563 -0.36358 0 1.49873 0 0 1 -8.89532 
-0.0409163 0.661513 0.748817 -18.2194 0.770127 -0.456599 0.445445 1.40102 0.636577 0.59491 -0.490767 -7.02083 
0.0287992 0.454373 0.890346 -15.6255 0.942563 -0.308883 0.127145 -1.13402 0.332784 0.835546 -0.43717 -8.25059 
0.935124 -0.354321 0 -15.5612 0.354321 0.935124 0 -0.463362 0 0 1 -6.06686 
-0.209828 0.977738 0 -14.5033 -0.977738 -0.209828 0 0.668343 0 0 1 -6.90245 
0.937537 0.347885 0 -17.8205 -0.347885 0.937537 0 0.318544 0 0 1 -9.19148 
-0.590246 -0.807224 0 -14.0007 0.807224 -0.590246 0 0.229491 0 0 1 -10.528 
-0.36825 0.0641893 0.927508 -14.7103 0.712244 0.66069 0.237059 1.21298 -0.597579 0.747909 -0.289018 -9.07055 
-0.228805 -0.908074 0.350784 -17.6605 0.967496 -0.172257 0.185144 0.71899 -0.107699 0.381744 0.917972 -5.58563 
-0.934623 -0.355641 0 -14.2649 0.355641 -0.934623 0 0.442644 0 0 1 -9.93446 
-0.121941 -0.992537 0 -14.0419 0.992537 -0.121941 0 0.24093 0 0 1 -10.4543 
0.955003 -0.296597 0 -10.453 0.296597 0.955003 0 0.368571 0 0 1 -12.212 
0.391821 0.920041 0 -14.8039 -0.920041 0.391821 0 1.02166 0 0 1 -9.11057 
-0.99183 -0.127567 0 -15.2004 0.127567 -0.99183 0 1.73144 0 0 1 -6.99007 
0.379205 -0.925312 0 -18.7462 0.925312 0.379205 0 1.69126 0 0 1 -12.5369 
-0.661879 -0.74961 0 -15.7451 0.74961 -0.661879 0 0.585963 0 0 1 -14.7789 
-0.0357712 0.99936 0 -10.0277 -0.99936 -0.0357712 0 0.0255208 0 0 1 -9.52466 
0.932616 0.360869 0 -13.977 -0.360869 0.932616 0 1.00612 0 0 1 -7.40626 
0.851988 0.523561 0 -16.0346 -0.523561 0.851988 0 1.76433 0 0 1 -8.18795 
0.650906 0.759158 0 -10.5256 -0.759158 0.650906 0 0.262529 0 0 1 -13.7915 
-0.999616 0.0277169 0 -18.1583 -0.0277169 -0.999616 0 1.9568 0 0 1 -5.43137 
0.624062 0.781375 0 -14.647 -0.781375 0.624062 0 1.03089 0 0 1 -9.43593 
0.309951 -0.950753 0 -15.5254 0.950753 0.309951 0 1.5247 0 0 1 -12.2594 
0.92793 0.372753 0 -17.5425 -0.372753 0.92793 0 -0.337948 0 0 1 -5.57514 
0.145865 -0.989305 0 -15.2719 0.989305 0.145865 0 1.41527 0 0 1 -6.99714 
0.0300193 -0.209837 0.977275 -14.7146 -0.275369 0.938145 0.209894 0.349836 -0.96087 -0.275412 -0.0296202 -16.5111 
-0.996326 -0.0856369 0 -7.74495 0.0856369 -0.996326 0 1.09897 0 0 1 -12.8527 
0.517649 -0.463571 -0.719125 -16.1563 -0.514048 -0.840397 0.171718 1.59087 -0.683955 0.280775 -0.673329 -16.3395 
0.668001 0.744161 0 -7.4754 -0.744161 0.668001 0 -0.238816 0 0 1 -11.8134 
0.687636 -0.726056 0 -14.6934 0.726056 0.687636 0 0.572092 0 0 1 -9.15589 
-0.902848 0.429961 0 -14.6262 -0.429961 -0.902848 0 1.67976 0 0 1 -7.89246 
0.970025 -0.243007 0 -14.9719 0.243007 0.970025 0 1.2028 0 0 1 -10.6158 
-0.0384785 -0.588104 0.807869 -14.4151 -0.0909483 -0.803051 -0.588929 0.906272 0.995112 -0.0961354 -0.0225869 -11.1831 
0.508224 -0.861225 0 -14.5833 0.861225 0.508224 0 0.901371 0 0 1 -9.43531 
0.99962 -0.0275613 0 -9.44847 0.0275613 0.99962 0 0.24401 0 0 1 -10.9956 
-0.366024 0.930606 0 -13.8584 -0.930606 -0.366024 0 0.0599556 0 0 1 -8.2874 
-0.0642151 -0.551795 -0.831504 -14.1485 -0.995505 0.0935471 0.0148016 0.456281 0.0696173 0.828716 -0.555322 -7.47479 
0.675381 0.737469 0 -18.732 -0.737469 0.675381 0 0.413466 0 0 1 -9.24315 
-0.917302 -0.398193 0 -16.1429 0.398193 -0.917302 0 1.71839 0 0 1 -8.97645 
-0.372636 0.136962 0.917815 -15.3979 -0.146976 0.967853 -0.204102 1.32655 -0.916264 -0.210953 -0.340527 -11.1785 
0.340664 -0.940185 0 -15.0207 0.940185 0.340664 0 1.46465 0 0 1 -7.02307 
0.651358 0.528662 -0.544288 -14.2971 0.0230435 0.703215 0.710604 0.654398 0.758421 -0.475399 0.445862 -8.77432 
-0.992279 -0.124024 0 -7.77684 0.124024 -0.992279 0 1.64665 0 0 1 -8.51944 
0.922483 0.381192 0.0609724 -13.0899 -0.178155 0.560499 -0.808766 -0.597184 -0.34247 0.73521 0.584962 -5.77169 
-0.982877 -0.184261 0 -14.2952 0.184261 -0.982877 0 0.421487 0 0 1 -7.16143 
-0.80867 -0.588263 0 -10.4347 0.588263 -0.80867 0 0.454837 0 0 1 -11.4353 
0.941212 0.337818 0 -14.159 -0.337818 0.941212 0 0.806966 0 0 1 -10.6597 
0.296593 0.955004 0 -14.1078 -0.955004 0.296593 0 1.54682 0 0 1 -9.68549 
0.964504 -0.26407 0 -14.7053 0.26407 0.964504 0 1.0795 0 0 1 -9.12112 
-0.664553 -0.747241 0 -14.0296 0.747241 -0.664553 0 0.953597 0 0 1 -10.2188 
0.935948 0.352137 0 -14.2589 -0.352137 0.935948 0 0.508589 0 0 1 -7.14103 
0.500529 0.0124453 -0.86563 -18.5054 0.114411 -0.992077 0.0518918 1.72467 -0.858126 -0.125011 -0.497987 -11.289 
-0.507092 0.861892 0 -18.2502 -0.861892 -0.507092 0 1.72557 0 0 1 -12.4973 
-0.868416 -0.495836 0 -14.186 0.495836 -0.868416 0 0.499307 0 0 1 -10.0733 
-0.659598 -0.751618 0 -14.0613 0.751618 -0.659598 0 0.515442 0 0 1 -9.32566 
0.0506352 -0.998717 0 -18.2899 0.998717 0.0506352 0 1.47974 0 0 1 -12.6625 
0.0162681 -0.999868 0 -14.0926 0.999868 0.0162681 0 0.346229 0 0 1 -9.11714 
0.102577 0.994725 0 -15.6358 -0.994725 0.102577 0 1.07151 0 0 1 -11.146 
-0.85478 -0.359643 0.374177 -14.3579 -0.518593 0.563659 -0.642923 0.308839 0.0203146 -0.743603 -0.668313 -9.18071 
-0.980846 -0.194785 0 -18.2323 0.194785 -0.980846 0 1.74262 0 0 1 -12.4733 
0.46891 -0.882454 -0.0373889 -19.3002 0.790939 0.438369 -0.426905 1.52732 0.393114 0.170607 0.903523 -13.0185 
0.326642 -0.945148 0 -15.6278 0.945148 0.326642 0 0.110075 0 0 1 -12.5597 
-0.948502 -0.0881672 0.304253 -15.5065 -0.286771 -0.169004 -0.942974 0.30431 0.134559 -0.981664 0.135016 -15.7857 
-0.485213 0.874396 0 -14.7508 -0.874396 -0.485213 0 1.60349 0 0 1 -8.13864 
0.594152 0.804353 0 -14.4091 -0.804353 0.594152 0 0.891837 0 0 1 -8.66849 
-0.99956 -0.0296744 0 -15.1041 0.0296744 -0.99956 0 1.0382 0 0 1 -9.43697 
-0.0251067 -0.999685 0 -14.9134 0.999685 -0.0251067 0 0.65357 0 0 1 -9.01869 
0.731026 0.682349 0 -7.48643 -0.682349 0.731026 0 1.77292 0 0 1 -16.6388 
-0.999942 -0.0107602 0 -14.4896 0.0107602 -0.999942 0 1.11008 0 0 1 -10.5712 
-0.957714 0.287721 0 -14.7204 -0.287721 -0.957714 0 0.838524 0 0 1 -9.40107 
-0.259997 0.96561 0 -15.1764 -0.96561 -0.259997 0 0.0816846 0 0 1 -15.4152 
0.999877 -0.0157003 0 -14.4574 0.0157003 0.999877 0 0.718533 0 0 1 -7.1466 
-0.746144 -0.665784 0 -14.4316 0.665784 -0.746144 0 0.894043 0 0 1 -9.13256 
-0.744058 0.668115 0 -11.0027 -0.668115 -0.744058 0 0.26777 0 0 1 -10.451 
-0.117418 0.993083 0 -14.7592 -0.993083 -0.117418 0 0.602498 0 0 1 -9.55018 
0.574601 0.818434 0 -14.318 -0.818434 0.574601 0 0.923429 0 0 1 -9.1296 
0.858099 0.513484 0 -15.3985 -0.513484 0.858099 0 0.330183 0 0 1 -15.5237 
0.55777 0.829995 0 -15.6004 -0.829995 0.55777 0 1.86221 0 0 1 -8.03804 
0.943066 0.332605 0 -18.928 -0.332605 0.943066 0 0.916329 0 0 1 -9.97595 
0.978367 0.206879 0 -14.3886 -0.206879 0.978367 0 0.407492 0 0 1 -7.56101 
-0.990025 -0.140892 0 -18.7162 0.140892 -0.990025 0 0.534219 0 0 1 -10.0183 
-0.575596 0.817734 0 -9.09546 -0.817734 -0.575596 0 0.234366 0 0 1 -7.04231 
-0.124356 -0.992238 0 -13.8104 0.992238 -0.124356 0 0.561678 0 0 1 -9.44311 
0.931249 -0.364385 0 -14.2958 0.364385 0.931249 0 0.748841 0 0 1 -7.08083 
-0.995931 0.0901171 0 -19.1026 -0.0901171 -0.995931 0 0.66255 0 0 1 -9.7101 
0.986914 -0.161247 0 -17.3179 0.161247 0.986914 0 0.999625 0 0 1 -5.75927 
0.213587 0.976924 0 -16.4946 -0.976924 0.213587 0 1.47325 0 0 1 -16.4721 
0.172542 -0.481722 0.85917 -16.0328 0.510396 -0.702294 -0.496264 -1.46441 0.842452 0.524144 0.124694 -10.0153 
-0.974035 0.226398 0 -14.7555 -0.226398 -0.974035 0 1.58863 0 0 1 -9.44088 
0.997739 0.0672078 0 -15.1352 -0.0672078 0.997739 0 1.18979 0 0 1 -10.6405 
-0.0571528 -0.998365 0 -15.4753 0.998365 -0.0571528 0 1.6181 0 0 1 -9.28432 
0.967315 -0.253578 0 -18.2671 0.253578 0.967315 0 1.489 0 0 1 -9.96199 
0.876426 0.481536 0 -14.9865 -0.481536 0.876426 0 1.28301 0 0 1 -7.08274 
-0.603568 -0.797311 0 -15.5588 0.797311 -0.603568 0 1.50378 0 0 1 -10.3958 
-0.185695 -0.982608 0 -14.0866 0.982608 -0.185695 0 0.870077 0 0 1 -6.93576 
0.768142 0.640279 0 -15.5089 -0.640279 0.768142 0 0.324518 0 0 1 -11.4903 
0.840848 0.541272 0 -14.2193 -0.541272 0.840848 0 1.06774 0 0 1 -10.6257 
0.994988 -0.0999981 0 -15.0905 0.0999981 0.994988 0 0.638521 0 0 1 -16.6541 
-0.931541 0.363637 0 -14.3247 -0.363637 -0.931541 0 0.899643 0 0 1 -7.21344 
-0.385385 -0.922756 0 -18.0858 0.922756 -0.385385 0 1.56917 0 0 1 -12.779 
0.915477 -0.402371 0 -8.04955 0.402371 0.915477 0 -0.0689919 0 0 1 -12.1846 
-0.0486906 -0.464674 0.884142 -17.2142 -0.763556 -0.553338 -0.332865 1.37115 0.643903 -0.691299 -0.327863 -13.0086 
0.38109 -0.924538 0 -16.0009 0.924538 0.38109 0 0.733127 0 0 1 -16.4548 
-0.805588 0.168453 -0.568024 -14.4579 0.158106 -0.86284 -0.480114 0.704085 -0.570991 -0.476582 0.66846 -9.31878 
0.969332 0.245756 0 -15.3684 -0.245756 0.969332 0 1.82103 0 0 1 -6.91077 
0.364244 -0.931304 0 -14.0092 0.931304 0.364244 0 0.545011 0 0 1 -10.4891 
-0.990818 -0.135201 0 -14.8482 0.135201 -0.990818 0 1.08872 0 0 1 -10.5008 
-0.915053 0.403333 0 -14.9098 -0.403333 -0.915053 0 1.35983 0 0 1 -16.6853 
0.82046 -0.571704 0 -15.2007 0.571704 0.82046 0 1.34676 0 0 1 -10.3363 
0.177729 0.98408 0 -15.1208 -0.98408 0.177729 0 0.909621 0 0 1 -10.6235 
0.773795 -0.633436 0 -14.7031 0.633436 0.773795 0 1.72988 0 0 1 -7.81402 
0.998008 0.0630804 0 -15.2862 -0.0630804 0.998008 0 1.19064 0 0 1 -9.40212 
-0.983029 0.183451 0 -15.3609 -0.183451 -0.983029 0 1.45248 0 0 1 -8.62316 
0.200275 -0.103711 0.974235 -15.1673 0.178877 -0.973797 -0.140437 -1.48261 0.963272 0.202395 -0.176476 -7.03722 
0.659966 0.683773 0.311288 -19.5611 -0.634458 0.72915 -0.256523 -0.508068 -0.402379 -0.0282024 0.915039 -12.5831 
0.395019 -0.918673 0 -15.8922 0.918673 0.395019 0 1.45766 0 0 1 -16.4834 
0.998738 0.0502317 0 -15.9264 -0.0502317 0.998738 0 1.80442 0 0 1 -10.392 
0.999654 -0.0263116 0 -15.5983 0.0263116 0.999654 0 1.22763 0 0 1 -10.6355 
0.748691 0.662919 0 -7.34467 -0.662919 0.748691 0 1.23994 0 0 1 -16.5588 
-0.921256 -0.388956 0 -17.6629 0.388956 -0.921256 0 0.613046 0 0 1 -9.9593 
0.818701 -0.57422 0 -14.9174 0.57422 0.818701 0 1.0123 0 0 1 -9.41919 
-0.756403 -0.654105 0 -15.2451 0.654105 -0.756403 0 1.37591 0 0 1 -6.92701 
0.452695 -0.841905 0.293706 -15.0267 0.836413 0.515093 0.187328 0.474382 -0.308998 0.160857 0.937361 -11.1776 
0.806015 0.591895 0 -15.0825 -0.591895 0.806015 0 1.32016 0 0 1 -7.0406 
0.0665996 0.99778 0 -11.5048 -0.99778 0.0665996 0 -0.140372 0 0 1 -13.9461 
0.878178 0.478333 0 -19.5011 -0.478333 0.878178 0 -0.183147 0 0 1 -6.07139 
-0.971961 0.235142 0 -17.4564 -0.235142 -0.971961 0 0.340413 0 0 1 -9.42098 
0.313718 -0.949516 0 -16.3488 0.949516 0.313718 0 0.41249 0 0 1 -15.666 
-0.783725 -0.621108 0 -8.05571 0.621108 -0.783725 0 0.449502 0 0 1 -12.1306 
-0.277119 0.960836 0 -17.1118 -0.960836 -0.277119 0 0.323107 0 0 1 -5.67842 
0.133734 -0.871248 -0.472273 -16.2256 0.119824 -0.458842 0.880401 0.807623 -0.983747 -0.174329 0.0430339 -12.6269 
-0.661651 -0.699058 0.271177 -18.2801 -0.742845 0.660319 -0.110269 -0.297018 -0.101979 -0.274402 -0.956192 -12.7689 
-0.190839 0.981621 0 -18.6021 -0.981621 -0.190839 0 0.237768 0 0 1 -8.73635 
-0.654636 -0.755944 0 -14.8216 0.755944 -0.654636 0 1.05588 0 0 1 -8.87321 
-0.25617 0.966632 0 -14.7574 -0.966632 -0.25617 0 0.82309 0 0 1 -6.98639 
0.997852 0.0655091 0 -15.3425 -0.0655091 0.997852 0 1.11144 0 0 1 -7.04258 
0.978919 -0.20425 0 -17.6396 0.20425 0.978919 0 1.71423 0 0 1 -12.7869 
0.99653 0.0832301 0 -14.42 -0.0832301 0.99653 0 0.980416 0 0 1 -16.7973 
-0.0109615 0.0484876 -0.998764 -14.7274 -0.00546571 0.998806 0.0485496 1.35775 0.999925 0.00599113 -0.0106834 -10.6166 
0.191032 0.256295 0.947533 -15.0628 -0.412283 0.896985 -0.159502 1.17485 -0.890803 -0.360182 0.277019 -9.33776 
0.215542 -0.355297 -0.909564 -14.1703 0.932909 0.350103 0.0843164 0.437686 0.288483 -0.866714 0.406921 -10.0539 
-0.883393 0.468633 0 -16.0555 -0.468633 -0.883393 0 0.566672 0 0 1 -15.6961 
0.99965 0.0264415 0 -14.7113 -0.0264415 0.99965 0 1.18532 0 0 1 -9.52951 
-0.866803 -0.498651 0 -18.4852 0.498651 -0.866803 0 0.477695 0 0 1 -9.70756 
-0.169347 0.985557 0 -14.091 -0.985557 -0.169347 0 0.0878697 0 0 1 -10.4028 
0.75602 0.654549 0 -14.5056 -0.654549 0.75602 0 1.37432 0 0 1 -9.39382 
-0.964898 0.262624 0 -15.8886 -0.262624 -0.964898 0 0.985829 0 0 1 -12.0617 
-0.743381 -0.668869 0 -14.4441 0.668869 -0.743381 0 0.711935 0 0 1 -9.47952 
0.997848 -0.0655623 0 -15.3537 0.0655623 0.997848 0 1.57652 0 0 1 -8.57782 
-0.998094 -0.0617092 0 -19.0685 0.0617092 -0.998094 0 0.551008 0 0 1 -9.47606 
-0.958394 -0.285449 0 -14.9119 0.285449 -0.958394 0 1.216 0 0 1 -6.95746 
-0.0693798 0.99759 0 -7.46263 -0.99759 -0.0693798 0 -0.0783772 0 0 1 -14.153 
-0.988126 0.153645 0 -15.8794 -0.153645 -0.988126 0 1.66327 0 0 1 -10.3794 
-0.14993 -0.988697 0 -14.6281 0.988697 -0.14993 0 1.69185 0 0 1 -7.7482 
0.490325 0.871539 0 -10.0675 -0.871539 0.490325 0 0.158426 0 0 1 -6.15733 
-0.82309 0.567911 0 -15.5838 -0.567911 -0.82309 0 0.592253 0 0 1 -12.1734 
0.574428 0.818555 0 -14.1938 -0.818555 0.574428 0 0.499482 0 0 1 -8.65971 
-0.395931 -0.91828 0 -15.4513 0.91828 -0.395931 0 1.77008 0 0 1 -7.52883 
0.458192 -0.888853 0 -15.4964 0.888853 0.458192 0 1.02855 0 0 1 -6.94769 
-0.857048 0.515236 0 -14.8229 -0.515236 -0.857048 0 0.94041 0 0 1 -9.43616 
-0.442148 0.896942 0 -18.5349 -0.896942 -0.442148 0 1.76644 0 0 1 -12.6037 
-0.833989 0.551781 0 -15.0044 -0.551781 -0.833989 0 0.944597 0 0 1 -9.39855 
-0.776301 -0.630362 0 -16.3062 0.630362 -0.776301 0 1.39963 0 0 1 -8.89187 
0.637096 0.770785 0 -14.4042 -0.770785 0.637096 0 0.979113 0 0 1 -10.4428 
-0.229246 0.973368 0 -7.35888 -0.973368 -0.229246 0 -0.204182 0 0 1 -13.9005 
-0.426274 0.904594 0 -16.0804 -0.904594 -0.426274 0 0.361314 0 0 1 -13.5228 
-0.43969 -0.87996 0.179839 -15.252 -0.173594 -0.113195 -0.97829 -1.09102 0.881214 -0.461364 -0.102985 -7.35428 
0.104479 -0.994527 0 -15.6211 0.994527 0.104479 0 1.30732 0 0 1 -6.94158 
-0.409825 -0.00126756 -0.912163 -16.7194 -0.758094 0.556605 0.33983 -1.42312 0.507284 0.830776 -0.229072 -11.5242 
0.754902 -0.655837 0 -18.2071 0.655837 0.754902 0 0.393584 0 0 1 -10.016 
0.999996 0.00267495 0 -14.6481 -0.00267495 0.999996 0 1.07501 0 0 1 -10.4863 
-0.195487 -0.980706 0 -16.4515 0.980706 -0.195487 0 1.78744 0 0 1 -6.14059 
-0.213328 -0.976981 0 -13.9832 0.976981 -0.213328 0 0.670677 0 0 1 -7.96881 
-0.814129 0.580684 0 -9.89668 -0.580684 -0.814129 0 0.360874 0 0 1 -6.0733 
-0.54392 -0.839137 0 -17.8736 0.839137 -0.54392 0 1.68899 0 0 1 -12.7936 
-0.910311 -0.413925 0 -14.0124 0.413925 -0.910311 0 0.443224 0 0 1 -8.54756 
-0.249804 0.968296 0 -14.2662 -0.968296 -0.249804 0 0.602519 0 0 1 -6.99217 
0.852937 0.522013 0 -18.4398 -0.522013 0.852937 0 1.68762 0 0 1 -5.44043 
-0.98585 -0.167632 0 -16.8968 0.167632 -0.98585 0 -0.138406 0 0 1 -5.94276 
-0.284441 -0.958694 0 -15.3765 0.958694 -0.284441 0 1.19955 0 0 1 -10.3935 
0.955854 -0.293841 0 -14.5793 0.293841 0.955854 0 0.796599 0 0 1 -10.3384 
-0.802708 0.596372 0 -15.3411 -0.596372 -0.802708 0 1.22308 0 0 1 -10.6709 
0.338295 0.94104 0 -14.5312 -0.94104 0.338295 0 0.783172 0 0 1 -8.74667 
-0.528539 -0.848909 0 -17.1635 0.848909 -0.528539 0 1.35191 0 0 1 -5.52181 
-0.436097 -0.342925 0.831999 -18.1081 -0.493634 -0.681874 -0.539789 -0.00991081 0.752426 -0.646104 0.128084 -13.8596 
0.438506 0.898728 0 -14.1849 -0.898728 0.438506 0 0.539581 0 0 1 -8.66444 
0.842 0.539478 0 -7.66438 -0.539478 0.842 0 -0.306031 0 0 1 -9.57658 
0.999613 -0.027804 0 -15.7332 0.027804 0.999613 0 1.63031 0 0 1 -10.4186 
0.475588 0.878814 -0.038753 -20.249 0.41421 -0.262588 -0.87148 1.48006 -0.776045 0.398413 -0.488898 -12.8335 
0.895172 -0.44572 0 -15.2634 0.44572 0.895172 0 1.18699 0 0 1 -9.34585 
-0.976231 -0.216731 0 -14.2204 0.216731 -0.976231 0 0.720507 0 0 1 -9.12179 
0.999085 0.0427734 0 -17.6939 -0.0427734 0.999085 0 0.889039 0 0 1 -5.52673 
-0.318214 0.948019 0 -19.0852 -0.948019 -0.318214 0 0.687619 0 0 1 -5.43723 
-0.492303 0.870424 0 -15.0154 -0.870424 -0.492303 0 0.948528 0 0 1 -10.4714 
0.992399 -0.00975807 0.122677 -14.4115 -0.0324482 0.940829 0.337325 1.22454 -0.11871 -0.338742 0.933361 -7.267 
0.699787 -0.714351 0 -19.3545 0.714351 0.699787 0 0.067056 0 0 1 -5.61173 
-0.201263 0.192581 -0.96042 -16.8464 0.549841 -0.78923 -0.273478 0.389867 -0.810659 -0.583119 0.052954 -8.63481 
-0.151906 0.988395 0 -18.241 -0.988395 -0.151906 0 1.4025 0 0 1 -12.7101 
-0.984256 -0.17675 0 -14.3635 0.17675 -0.984256 0 0.527121 0 0 1 -8.41029 
-0.933166 -0.359446 0 -11.3183 0.359446 -0.933166 0 0.387855 0 0 1 -15.5006 
-0.535392 0.844604 0 -10.0764 -0.844604 -0.535392 0 0.125631 0 0 1 -6.16241 
0.650973 -0.759101 0 -17.2809 0.759101 0.650973 0 0.997162 0 0 1 -12.7509 
0.881561 0.472071 0 -14.6651 -0.472071 0.881561 0 0.964644 0 0 1 -9.25693 
0.989624 -0.143678 0 -15.1196 0.143678 0.989624 0 1.08283 0 0 1 -9.49468 
0.383234 0.923651 0 -13.8973 -0.923651 0.383234 0 0.406639 0 0 1 -9.69939 
0.676268 0.736656 0 -18.1622 -0.736656 0.676268 0 0.195408 0 0 1 -5.42516 
-0.219671 -0.975574 0 -14.6745 0.975574 -0.219671 0 1.05527 0 0 1 -9.32133 
0.756783 -0.653667 0 -15.9152 0.653667 0.756783 0 -0.317463 0 0 1 -6.21081 
0.822418 0.568884 0 -17.0136 -0.568884 0.822418 0 0.282387 0 0 1 -5.70935 
0.716725 -0.697356 0 -14.8776 0.697356 0.716725 0 0.796062 0 0 1 -10.5878 
0.987077 -0.16025 0 -18.2058 0.16025 0.987077 0 1.74943 0 0 1 -12.5404 
-0.198398 -0.693073 0.693028 -15.9688 -0.304535 -0.628496 -0.715717 -1.37038 0.93161 -0.353048 -0.0863728 -7.64585 
0.968628 -0.248515 0 -14.5615 0.248515 0.968628 0 0.386242 0 0 1 -9.20797 
-0.877829 -0.478973 0 -14.0604 0.478973 -0.877829 0 0.671558 0 0 1 -8.84869 
-0.933641 -0.246804 0.25962 -14.8004 0.0433032 0.64169 0.765741 -1.35528 -0.355584 0.726169 -0.588421 -10.5857 
0.035258 0.559421 -0.828133 -19.3012 0.47688 -0.73764 -0.477988 1.67552 -0.878261 -0.378067 -0.292784 -13.0648 
-0.705675 -0.708536 0 -15.2841 0.708536 -0.705675 0 1.92682 0 0 1 -9.37679 
-0.568502 0.822682 0 -14.9053 -0.822682 -0.568502 0 1.64019 0 0 1 -9.44707 
0.74734 -0.664442 0 -14.3713 0.664442 0.74734 0 0.291205 0 0 1 -10.5785 
0.925665 0.378344 0 -14.1686 -0.378344 0.925665 0 0.539509 0 0 1 -8.92481 
0.437043 -0.899441 0 -16.4106 0.899441 0.437043 0 0.766501 0 0 1 -16.4246 
-0.858343 -0.513076 0 -11.4159 0.513076 -0.858343 0 0.347879 0 0 1 -10.2412 
0.869964 0.493116 0 -15.6975 -0.493116 0.869964 0 1.65017 0 0 1 -6.94334 
-0.924891 -0.380233 0 -18.2357 0.380233 -0.924891 0 1.86014 0 0 1 -11.4875 
0.676127 0.736785 0 -14.3547 -0.736785 0.676127 0 0.829843 0 0 1 -9.13373 
0.816799 -0.576923 0 -16.7388 0.576923 0.816799 0 0.661198 0 0 1 -6.13729 
-0.858429 0.512933 0 -13.8301 -0.512933 -0.858429 0 0.314417 0 0 1 -8.29164 
-0.990834 0.135084 0 -7.84123 -0.135084 -0.990834 0 0.289091 0 0 1 -12.0999 
0.976813 -0.214093 0 -15.4973 0.214093 0.976813 0 1.22694 0 0 1 -10.4391 
-0.816237 0.577718 0 -14.6679 -0.577718 -0.816237 0 1.61077 0 0 1 -7.94784 
0.816233 -0.577723 0 -15.2122 0.577723 0.816233 0 1.773 0 0 1 -7.05086 
-0.126668 0.991911 0.00826636 -14.1111 -0.101063 -0.00461482 -0.994869 -0.0894361 -0.986783 -0.126854 0.10083 -9.27645 
