size 196
0.133397 -0.991063 0 -3.275 0.991063 0.133397 0 1.96518 0 0 1 -11.0562 
0.311095 0.950379 0 -12.0633 -0.950379 0.311095 0 0.243578 0 0 1 -9.47117 
0.980822 0.194908 0 -17.351 -0.194908 0.980822 0 0.520956 0 0 1 -5.78737 
-0.991573 0.129548 0 -15.9997 -0.129548 -0.991573 0 0.749213 0 0 1 -15.3458 
-0.0496916 0.998765 0 -11.2951 -0.998765 -0.0496916 0 1.54235 0 0 1 -16.2237 
-0.834109 -0.458277 0.306993 -6.4896 -0.379647 0.880715 0.283213 0.740025 -0.400163 0.119682 -0.908596 -9.51037 
0.288595 0.957451 0 -5.06627 -0.957451 0.288595 0 -0.527327 0 0 1 -6.76628 
0.239666 -0.486051 -0.840425 -3.7347 0.407559 -0.735315 0.541486 1.09841 -0.881167 -0.472299 0.0218644 -13.888 
-0.999992 -0.00393094 0 -6.46448 0.00393094 -0.999992 0 0.564017 0 0 1 -13.1231 
0.351576 0.834193 -0.424873 -12.715 0.93196 -0.354815 0.074541 0.421603 -0.0885698 -0.422171 -0.902179 -5.91265 
0.665837 -0.746097 0 -11.9733 0.746097 0.665837 0 -0.356027 0 0 1 -6.09984 
0.709122 -0.259578 0.655565 -5.34354 -0.704953 -0.242936 0.666351 0.202663 -0.0137099 -0.934667 -0.355261 -6.31929 
0.998422 -0.0561542 0 -5.58674 0.0561542 0.998422 0 0.234786 0 0 1 -6.81221 
0.0175925 0.999845 0 -3.8501 -0.999845 0.0175925 0 -0.523682 0 0 1 -7.41251 
0.886163 0.174815 -0.429133 -16.2007 -0.237211 0.966699 -0.0960409 -1.49031 0.398053 0.186903 0.898121 -8.55351 
0.71724 0.0798007 0.692242 -5.30854 0.640887 0.314441 -0.700279 -0.882562 -0.273552 0.945917 0.174386 -17.8551 
-0.185919 0.982565 0 -7.78419 -0.982565 -0.185919 0 -0.0314466 0 0 1 -11.8821 
0.854835 -0.271794 -0.442023 -9.855 0.518534 0.415489 0.747322 1.32593 -0.0194617 -0.868042 0.496109 -5.63589 
-0.631522 -0.283189 0.721793 -6.74525 0.774538 -0.187598 0.604068 1.22779 -0.0356586 0.940538 0.337813 -12.4075 
0.957049 0.289926 0 -4.14001 -0.289926 0.957049 0 0.0373954 0 0 1 -7.64692 
-0.0483509 -0.99883 0 -15.6305 0.99883 -0.0483509 0 1.05787 0 0 1 -16.5843 
-0.143557 -0.989642 0 -9.35944 0.989642 -0.143557 0 1.43445 0 0 1 -17.4858 
-0.511524 -0.859269 0 -3.81066 0.859269 -0.511524 0 0.839409 0 0 1 -6.91535 
0.753677 -0.657245 0 -12.3699 0.657245 0.753677 0 0.875636 0 0 1 -13.9824 
-0.0678764 -0.997694 0 -15.6015 0.997694 -0.0678764 0 1.69818 0 0 1 -9.55496 
-0.470398 -0.441276 0.7642 -7.09016 -0.599469 0.795295 0.0902319 1.19973 -0.647582 -0.415669 -0.638637 -14.8442 
0.210628 0.737472 0.641694 -6.33194 0.902457 0.105638 -0.417626 0.0491593 -0.375775 0.667065 -0.643287 -9.85394 
-0.658725 0.752383 0 -10.9007 -0.752383 -0.658725 0 0.299094 0 0 1 -10.0743 
0.999294 0.0375748 0 -19.0637 -0.0375748 0.999294 0 -0.163585 0 0 1 -5.85447 
0.617776 -0.786354 0 -18.6897 0.786354 0.617776 0 0.542743 0 0 1 -9.81731 
0.804122 -0.238517 -0.544516 -18.4437 -0.18593 0.769111 -0.611472 0.974571 0.56464 0.59294 0.574112 -16.2131 
-0.451892 0.892073 0 -9.16365 -0.892073 -0.451892 0 0.187471 0 0 1 -16.0203 
0.860331 0.432282 0.270116 -6.1792 -0.0532712 -0.450763 0.891053 0.060382 0.506945 -0.78099 -0.364777 -18.5442 
-0.144463 0.986835 -0.0727123 -16.3768 -0.151479 0.0505617 0.987166 -0.285554 0.977847 0.153623 0.142181 -5.89108 
0.365579 0.93078 0 -5.08338 -0.93078 0.365579 0 0.65235 0 0 1 -17.4604 
0.881281 -0.472593 0 -10.5548 0.472593 0.881281 0 1.14768 0 0 1 -15.9414 
0.183912 0.781904 0.595653 -18.3227 0.170985 0.571302 -0.802732 -0.849032 -0.967957 0.24948 -0.0286245 -15.7198 
0.247588 -0.968865 0 -15.885 0.968865 0.247588 0 0.0855157 0 0 1 -6.19902 
0.789086 -0.17786 -0.58797 -8.25399 0.37202 -0.623303 0.687819 0.749935 -0.488819 -0.761485 -0.425672 -5.51473 
0.0813573 -0.996685 0 -3.78168 0.996685 0.0813573 0 -0.168201 0 0 1 -6.93633 
0.0541043 -0.998233 -0.0245551 -5.17043 -0.35568 -0.0422444 0.933653 -1.0326 -0.933041 -0.0417809 -0.357337 -10.5367 
0.742889 -0.56724 0.355465 -15.0845 0.342177 -0.13462 -0.929942 0.179395 0.575353 0.812475 0.094089 -15.2202 
0.990352 -0.138574 0 -9.56098 0.138574 0.990352 0 1.59926 0 0 1 -16.3517 
0.376796 -0.926296 0 -7.50831 0.926296 0.376796 0 1.73077 0 0 1 -6.06343 
-0.746384 0.665515 0 -9.72869 -0.665515 -0.746384 0 1.72393 0 0 1 -16.235 
-0.207165 -0.978306 0 -14.4043 0.978306 -0.207165 0 0.812819 0 0 1 -9.06141 
0.25638 -0.963079 -0.0821419 -16.5127 -0.0795226 -0.105711 0.991212 0.669726 -0.963299 -0.247595 -0.103689 -12.7537 
0.239964 0.970782 0 -12.7629 -0.970782 0.239964 0 1.29073 0 0 1 -6.931 
0.212358 0.00889158 -0.977151 -5.38472 -0.0861097 0.996239 -0.00964839 0.538268 0.973391 0.0861911 0.212325 -12.4603 
-0.855791 -0.50656 0.104971 -3.93948 0.16444 -0.458758 -0.873213 0.125536 0.490491 -0.730026 0.475899 -7.9572 
-0.931427 -0.363927 0 -6.26021 0.363927 -0.931427 0 0.365381 0 0 1 -11.198 
-0.735309 0.677733 0 -6.40572 -0.677733 -0.735309 0 0.347304 0 0 1 -8.75595 
-0.786146 0.61804 0 -6.78021 -0.61804 -0.786146 0 0.464373 0 0 1 -15.6335 
0.11861 0.955267 -0.270917 -13.3169 -0.132472 0.285627 0.949141 -0.200866 0.984065 -0.0766884 0.160424 -17.6606 
0.720518 -0.693436 0 -13.3922 0.693436 0.720518 0 0.269794 0 0 1 -8.92106 
0.962536 0.271153 0 -7.48638 -0.271153 0.962536 0 0.727538 0 0 1 -9.02443 
-0.230789 -0.526491 -0.818256 -15.1165 -0.270013 0.842584 -0.465988 1.31722 0.934789 0.113395 -0.336618 -10.614 
0.0260106 -0.252664 -0.967204 -15.513 -0.643286 0.73636 -0.20966 1.93817 0.765184 0.627642 -0.143382 -8.57221 
0.834325 -0.551273 0 -18.941 0.551273 0.834325 0 1.74625 0 0 1 -12.5721 
-0.633408 0.773818 0 -14.4384 -0.773818 -0.633408 0 1.40452 0 0 1 -8.06829 
-0.329894 0.944018 0 -3.13881 -0.944018 -0.329894 0 0.641659 0 0 1 -11.6766 
0.321464 -0.946922 0 -12.1972 0.946922 0.321464 0 1.09356 0 0 1 -15.0234 
-0.954483 0.298265 0 -7.03626 -0.298265 -0.954483 0 1.01805 0 0 1 -14.0902 
0.987483 -0.157727 0 -15.5642 0.157727 0.987483 0 0.579977 0 0 1 -15.7554 
-0.954826 0.297167 0 -17.8999 -0.297167 -0.954826 0 1.13786 0 0 1 -14.967 
0.00436238 -0.99999 0 -9.61426 0.99999 0.00436238 0 -0.126519 0 0 1 -12.7835 
0.0347106 0.585193 0.810151 -15.6851 0.00795574 0.810452 -0.585751 0.756427 -0.999366 0.0267771 0.0234756 -11.8356 
-0.985813 -0.167849 0 -12.9931 0.167849 -0.985813 0 0.265182 0 0 1 -8.54303 
0.328225 0.412395 0.849823 -15.914 0.492276 -0.842513 0.218717 1.15085 0.806184 0.346559 -0.479545 -16.3585 
-0.962977 0.269584 0 -14.4765 -0.269584 -0.962977 0 1.42719 0 0 1 -9.54399 
-0.89127 0.453474 0 -9.67328 -0.453474 -0.89127 0 0.365937 0 0 1 -14.9871 
-0.18534 0.78154 0.595688 -3.43993 0.0495555 -0.597986 0.799973 -1.00348 0.981424 0.177787 0.0721013 -11.5252 
-0.0228646 -0.999739 0 -14.7952 0.999739 -0.0228646 0 1.32447 0 0 1 -8.75621 
-0.646083 -0.763267 0 -15.4553 0.763267 -0.646083 0 0.425623 0 0 1 -12.6658 
0.233747 -0.947674 0.217432 -8.55387 -0.592126 -0.316121 -0.741252 -1.00433 0.7712 0.0445188 -0.635035 -17.6054 
0.715573 0.411912 0.564166 -20.3016 -0.453822 0.888112 -0.0728181 -1.31382 -0.531037 -0.203924 0.822444 -12.0135 
0.856461 0.47625 0.199149 -20.9453 0.170537 0.103091 -0.979944 0.796873 -0.487229 0.873246 0.00707483 -13.1443 
-0.141582 -0.557526 -0.817997 -5.75527 -0.0162653 -0.8249 0.565045 1.88038 -0.989793 0.0933052 0.107723 -18.099 
0.148294 0.939187 0.309736 -8.81758 -0.0341988 0.317882 -0.947513 -0.4663 -0.988352 0.129918 0.0792589 -17.5877 
0.997075 0.076435 0 -4.62268 -0.076435 0.997075 0 -0.215729 0 0 1 -9.02706 
0.234375 -0.972146 0 -3.86567 0.972146 0.234375 0 -0.273476 0 0 1 -8.73304 
0.937602 -0.34771 0 -18.6217 0.34771 0.937602 0 1.95451 0 0 1 -5.45993 
0.722377 0.691499 0 -17.8598 -0.691499 0.722377 0 1.39488 0 0 1 -9.8663 
-0.246522 0.0384456 -0.968374 -7.12527 -0.116745 -0.993115 -0.00970775 0.49424 -0.96208 0.110659 0.249313 -8.61054 
0.0703391 -0.146506 0.986706 -5.58071 0.603845 -0.781079 -0.159021 -0.462631 0.793992 0.607002 0.0335266 -18.3358 
-0.756881 -0.653552 0 -6.95878 0.653552 -0.756881 0 0.700034 0 0 1 -9.10805 
0.982252 -0.187568 0 -18.8219 0.187568 0.982252 0 1.84661 0 0 1 -10.0202 
-0.998373 0.0570157 0 -4.16554 -0.0570157 -0.998373 0 1.21772 0 0 1 -15.0277 
-0.499779 -0.866153 0 -3.861 0.866153 -0.499779 0 0.277682 0 0 1 -15.333 
-0.8774 0.47976 0 -6.39168 -0.47976 -0.8774 0 0.509621 0 0 1 -7.71912 
0.368611 0.929584 0 -6.77502 -0.929584 0.368611 0 0.477723 0 0 1 -10.1107 
0.873429 -0.486911 0.0063329 -13.741 -0.297589 -0.523436 0.798408 1.04343 -0.385439 -0.699238 -0.602083 -13.8271 
-0.261333 -0.710152 0.65375 -14.6315 -0.781098 0.553497 0.28901 -1.59066 -0.56709 -0.435114 -0.699346 -6.93896 
0.533351 -0.845894 0 -3.08628 0.845894 0.533351 0 0.00825206 0 0 1 -12.6796 
0.117158 -0.491305 0.863072 -6.47922 0.378165 0.825655 0.418671 -1.48332 -0.918295 0.277333 0.282526 -17.8713 
0.953708 -0.300735 0 -17.9223 0.300735 0.953708 0 0.466572 0 0 1 -5.4587 
0.95551 -0.23718 0.175346 -6.81841 0.261083 0.956707 -0.128637 -1.50419 -0.137244 0.168694 0.976067 -13.8373 
-0.570835 -0.821065 0 -10.623 0.821065 -0.570835 0 1.51483 0 0 1 -17.7451 
-0.954254 -0.298997 0 -17.9793 0.298997 -0.954254 0 1.69077 0 0 1 -11.4747 
0.441133 0.739878 -0.507919 -18.6386 -0.879812 0.24491 -0.407369 -0.76413 -0.17701 0.626577 0.758992 -12.7077 
0.909402 0.415918 0 -11.8342 -0.415918 0.909402 0 0.633922 0 0 1 -14.1111 
-0.447913 -0.582032 0.678684 -3.7987 0.212748 0.667902 0.713193 -1.38489 -0.868397 0.463837 -0.175335 -13.0982 
-0.998665 0.0516546 0 -4.19836 -0.0516546 -0.998665 0 1.87463 0 0 1 -9.4046 
0.968425 0.249306 0 -4.12252 -0.249306 0.968425 0 0.323003 0 0 1 -9.28154 
-0.647703 0.655029 0.389125 -8.43487 -0.462904 0.06733 -0.883848 0.538401 -0.605145 -0.752598 0.259605 -17.9572 
0.536011 0.13295 0.833676 -6.24452 -0.7694 -0.329488 0.54723 -0.0831805 0.34744 -0.934753 -0.0743174 -18.5657 
-0.0280739 0.643889 -0.764604 -8.01836 0.0748309 -0.761405 -0.643943 1.79348 -0.996801 -0.075294 -0.0268072 -18.0258 
0.753046 0.657968 0 -16.3251 -0.657968 0.753046 0 1.35999 0 0 1 -8.88059 
-0.830448 -0.286562 -0.477743 -10.7373 0.231367 0.602697 -0.763692 0.0662364 0.506779 -0.744741 -0.434207 -17.9976 
-0.964768 -0.163471 -0.206154 -5.77604 -0.259542 0.462871 0.847578 -0.413096 -0.0431311 0.871222 -0.488991 -18.5907 
-0.963482 -0.263837 0.0457492 -17.5197 -0.00443405 -0.155107 -0.987888 1.45821 0.267737 -0.952015 0.148273 -8.04835 
0.0677808 -0.9977 0 -17.524 0.9977 0.0677808 0 1.34058 0 0 1 -12.6425 
-0.669762 -0.742576 0 -16.8272 0.742576 -0.669762 0 1.11951 0 0 1 -13.1277 
0.493085 0.204985 0.845487 -10.9128 -0.136103 0.978054 -0.157751 -0.381179 -0.859269 -0.0372888 0.510163 -18.0376 
-0.687645 0.726047 0 -18.9337 -0.726047 -0.687645 0 0.603942 0 0 1 -5.38835 
-0.997023 0.0771042 0 -19.0055 -0.0771042 -0.997023 0 0.465749 0 0 1 -11.0826 
-0.717386 -0.696676 0 -16.3809 0.696676 -0.717386 0 0.961647 0 0 1 -17.4754 
-0.158721 0.987323 0 -18.0556 -0.987323 -0.158721 0 0.629554 0 0 1 -16.5829 
0.996681 -0.081405 0 -19.6155 0.081405 0.996681 0 1.98007 0 0 1 -14.2098 
-0.995967 -0.0897157 0 -6.09282 0.0897157 -0.995967 0 0.366369 0 0 1 -8.35704 
0.987813 0.155644 0 -6.03482 -0.155644 0.987813 0 0.350266 0 0 1 -9.21767 
-0.995175 -0.0981155 0 -15.1988 0.0981155 -0.995175 0 1.70574 0 0 1 -7.09667 
-0.790512 0.612447 0 -12.3713 -0.612447 -0.790512 0 1.376 0 0 1 -17.3801 
0.770925 0.636926 0 -12.4971 -0.636926 0.770925 0 1.36232 0 0 1 -14.4469 
0.48588 -0.220488 -0.845757 -11.0942 -0.337078 -0.940071 0.0514268 1.29807 -0.806411 0.260098 -0.531084 -16.0578 
0.391314 -0.920257 0 -14.7672 0.920257 0.391314 0 0.658813 0 0 1 -10.3926 
-0.10913 0.994028 0 -11.4735 -0.994028 -0.10913 0 0.105809 0 0 1 -10.0132 
-0.938101 -0.346361 0 -5.35634 0.346361 -0.938101 0 1.70063 0 0 1 -17.4444 
-0.407466 -0.660648 0.630489 -9.18418 -0.123863 -0.644041 -0.754897 1.79069 0.904781 -0.385689 0.180595 -8.25912 
0.789713 0.00828999 0.61342 -9.30063 -0.442695 -0.684529 0.579173 0.401848 0.424705 -0.728939 -0.536911 -7.51202 
0.44701 0.894529 0 -13.8946 -0.894529 0.44701 0 1.21217 0 0 1 -17.3371 
0.167896 0.985805 0 -15.3498 -0.985805 0.167896 0 1.88584 0 0 1 -9.01144 
0.739389 -0.673279 0 -6.36625 0.673279 0.739389 0 1.05375 0 0 1 -16.5992 
-0.47179 0.881711 0 -6.78753 -0.881711 -0.47179 0 1.79637 0 0 1 -16.5819 
-0.999394 0.0347962 0 -11.1091 -0.0347962 -0.999394 0 1.45884 0 0 1 -7.39545 
-0.999822 0.0188866 0 -5.57234 -0.0188866 -0.999822 0 0.19439 0 0 1 -17.5055 
-0.992373 -0.123271 0 -3.59341 0.123271 -0.992373 0 0.345793 0 0 1 -11.0776 
0.0732337 0.180223 0.980896 -18.1029 0.0541855 0.981365 -0.184354 0.816502 -0.995842 0.0666513 0.0621035 -11.1997 
-0.436948 -0.899487 0 -11.0911 0.899487 -0.436948 0 1.50447 0 0 1 -6.94572 
0.0864232 -0.766914 0.635905 -19.5604 -0.251794 0.600756 0.758744 -1.05881 -0.963914 -0.22569 -0.141185 -9.95042 
-0.993305 -0.081065 -0.0823009 -17.1589 0.0924529 -0.985013 -0.145612 1.25283 -0.0692634 -0.152246 0.985913 -18.0275 
0.978554 0.205992 0 -3.61492 -0.205992 0.978554 0 1.96491 0 0 1 -12.7394 
-0.311084 0.949306 0.045227 -5.05147 0.805394 0.238063 0.542831 1.77511 0.504546 0.205292 -0.838623 -17.7071 
0.775788 0.630994 0 -18.0798 -0.630994 0.775788 0 0.270554 0 0 1 -9.52969 
0.0145248 0.999895 0 -5.21939 -0.999895 0.0145248 0 1.63938 0 0 1 -12.497 
0.997133 -0.0756702 0 -17.6723 0.0756702 0.997133 0 1.285 0 0 1 -17.227 
0.0303551 0.831869 -0.554141 -14.5096 0.0718643 -0.554778 -0.828889 -0.476824 -0.996952 -0.014662 -0.076622 -17.4434 
-0.95158 0.307403 0 -4.76161 -0.307403 -0.95158 0 0.313803 0 0 1 -11.4236 
0.236081 0.970441 0.0501033 -5.5184 0.191492 0.00408888 -0.981486 -0.950667 -0.952679 0.241304 -0.184867 -14.8037 
-0.743241 0.0442918 0.667556 -15.1002 -0.66746 0.0190941 -0.744401 -1.11272 -0.0457173 -0.998836 0.0153715 -7.08001 
-0.618153 0.786058 0 -4.33471 -0.786058 -0.618153 0 0.859273 0 0 1 -8.98241 
-0.835749 -0.549111 0 -3.93206 0.549111 -0.835749 0 0.950552 0 0 1 -9.2625 
0.677576 0.298133 0.672316 -5.54581 0.191439 0.811142 -0.552631 0.847821 -0.7101 0.503156 0.492536 -17.8735 
-0.821795 -0.178175 0.541209 -18.1665 0.40492 -0.850883 0.334722 1.25142 0.400866 0.494219 0.771398 -17.9618 
-0.360487 0.932764 0 -18.4529 -0.932764 -0.360487 0 0.918342 0 0 1 -14.3577 
0.807402 -0.590001 0 -15.7169 0.590001 0.807402 0 1.84725 0 0 1 -7.08143 
-0.905982 0.423316 0 -17.7119 -0.423316 -0.905982 0 1.38378 0 0 1 -15.3944 
-0.770349 -0.14928 0.619901 -20.2143 0.495425 -0.752152 0.434536 1.93938 0.401393 0.641859 0.653377 -9.65681 
-0.0546802 0.707463 -0.704632 -15.31 0.922512 -0.234235 -0.306765 1.90429 -0.382074 -0.666805 -0.639836 -7.54078 
-0.0803506 -0.955204 0.284831 -19.2747 0.0709974 -0.290513 -0.954233 1.38398 0.994235 -0.056451 0.0911599 -12.7852 
0.823493 0.567327 0 -18.0247 -0.567327 0.823493 0 1.29291 0 0 1 -14.4025 
-0.0554752 -0.24688 -0.967457 -5.39667 -0.113534 -0.961105 0.251769 1.94706 -0.991984 0.123806 0.0252882 -15.6667 
-0.519411 0.854524 0 -6.85988 -0.854524 -0.519411 0 1.88011 0 0 1 -16.1938 
0.613592 0.770145 0.174304 -6.17497 -0.69235 0.630873 -0.350216 -1.47914 -0.379681 0.0942103 0.920308 -14.1412 
-0.0252907 -0.204053 -0.978633 -20.4219 -0.0300176 -0.97835 0.20477 0.981899 -0.999229 0.034555 0.0186179 -11.6139 
0.40196 0.874325 0.272001 -20.6459 0.801684 -0.479568 0.356816 -0.226585 0.442416 0.074633 -0.893699 -13.7849 
-0.998981 -0.0451426 0 -15.201 0.0451426 -0.998981 0 1.99124 0 0 1 -7.22585 
0.557327 -0.811043 0.177752 -20.0688 -0.00753474 0.209134 0.977858 -0.446912 -0.830259 -0.546326 0.110445 -15.1551 
0.831886 0.554947 0 -7.59233 -0.554947 0.831886 0 -0.0316104 0 0 1 -6.69489 
-0.0657719 0.997835 0 -7.11454 -0.997835 -0.0657719 0 -0.00790791 0 0 1 -6.84439 
-0.796514 -0.293911 -0.528376 -14.5731 0.604365 -0.361671 -0.709885 -0.842796 0.0175445 -0.884766 0.465706 -5.83158 
-0.402874 0.0245484 -0.914926 -14.1175 -0.092055 0.993484 0.0671912 0.373364 0.910614 0.111293 -0.397989 -6.02802 
-0.694361 -0.272322 0.666111 -19.9763 -0.33283 -0.699155 -0.632777 -1.48492 0.638034 -0.661077 0.394829 -9.81066 
-0.478051 0.861639 -0.170428 -5.78416 0.154078 -0.10876 -0.982055 1.43587 -0.864712 -0.495732 -0.0807662 -12.1735 
-0.855379 -0.492278 0.161208 -5.88482 -0.268017 0.686915 0.67551 0.374148 -0.443276 0.534611 -0.719512 -11.7923 
0.0833248 0.527475 0.845475 -7.35457 -0.996053 0.0701196 0.0544187 -0.882856 -0.0305799 -0.846672 0.531235 -8.04828 
-0.999999 0.0012464 0 -18.1778 -0.0012464 -0.999999 0 1.52044 0 0 1 -6.83944 
-0.181688 0.561859 -0.807034 -20.8793 0.4321 0.782832 0.44773 0.0869535 0.883334 -0.267373 -0.38501 -14.0334 
-0.293074 -0.86749 0.401955 -18.8477 -0.952444 0.301579 -0.0435853 0.128653 -0.0834116 -0.395614 -0.914621 -17.962 
-0.995526 -0.0944892 0 -3.86672 0.0944892 -0.995526 0 -0.432172 0 0 1 -10.264 
-0.756881 -0.653552 0 -3.92123 0.653552 -0.756881 0 1.82336 0 0 1 -7.59381 
0.0647195 0.997903 0 -6.64157 -0.997903 0.0647195 0 0.0240364 0 0 1 -13.991 
-0.322118 0.059082 -0.944854 -6.66326 0.675416 -0.685006 -0.273095 0.716977 -0.663366 -0.726138 0.180748 -13.5153 
0.237831 0.786108 0.570501 -6.15273 0.0257297 0.582049 -0.812747 0.278843 -0.970966 0.207975 0.118203 -6.59803 
-0.219822 0.901701 -0.372309 -4.83328 -0.138528 0.348924 0.926856 -0.432344 0.965654 0.255318 0.0482095 -6.61035 
0.0760026 0.740575 -0.667661 -8.06856 0.061975 0.664795 0.744451 -1.40365 0.99518 -0.0979585 0.00462897 -7.48945 
0.466446 0.45673 0.757513 -11.2903 0.686103 0.353702 -0.635733 -1.16147 -0.558293 0.816267 -0.148381 -17.7559 
-0.979006 0.203834 0 -16.7806 -0.203834 -0.979006 0 0.947961 0 0 1 -8.8663 
0.0720711 0.151112 -0.985886 -6.52202 0.809204 -0.586721 -0.0307748 1.18206 -0.58309 -0.795565 -0.164566 -17.6867 
0.849956 0.411239 -0.329329 -11.5912 0.455271 -0.25871 0.851938 0.699396 0.265149 -0.874043 -0.407117 -18.4097 
-0.500414 -0.447531 -0.741149 -20.9999 -0.0787489 0.876021 -0.4758 1.40246 0.862197 -0.179733 -0.473616 -10.6943 
0.161303 -0.33942 -0.926701 -6.24071 -0.767904 -0.632995 0.0981827 1.99291 -0.619923 0.695781 -0.362746 -18.4698 
-0.252125 -0.820673 -0.512767 -11.6956 -0.0807274 0.545875 -0.833969 -0.725469 0.964322 -0.16887 -0.203879 -17.6757 
-0.0328319 -0.999461 0 -5.50779 0.999461 -0.0328319 0 0.881074 0 0 1 -14.6631 
0.122557 -0.992461 0 -6.95275 0.992461 0.122557 0 1.33327 0 0 1 -16.1571 
-0.127888 -0.458371 0.879512 -20.9149 -0.978502 0.202982 -0.0364948 0.325373 -0.161797 -0.865271 -0.474476 -16.1882 
connections 
0 49
0 60
0 93
0 180
1 27
1 31
1 54
1 63
1 70
1 73
1 100
1 126
2 33
2 37
2 95
3 27
3 41
3 66
3 67
3 68
3 112
3 156
3 160
4 35
4 44
4 124
4 194
5 26
5 55
5 85
5 90
5 120
6 12
6 22
6 39
6 169
6 184
7 60
7 88
8 18
8 50
8 52
8 62
8 182
9 33
9 38
10 37
10 43
11 12
12 38
13 22
13 49
13 80
13 151
14 92
14 94
14 96
14 101
14 149
14 163
14 172
14 185
15 84
15 105
15 152
16 18
17 43
18 26
18 147
18 174
19 39
19 103
20 41
21 78
21 104
23 31
24 57
24 131
24 158
25 52
25 162
28 114
29 86
29 143
30 64
31 35
31 129
32 84
32 109
32 191
33 171
34 109
36 99
40 92
42 44
42 62
45 54
45 57
45 72
46 63
46 145
47 138
48 50
51 55
52 133
53 94
53 113
53 146
53 192
56 66
58 64
58 118
59 67
61 70
64 68
65 73
69 72
71 93
71 101
74 78
74 96
74 106
75 99
75 163
76 177
76 195
77 105
77 106
77 142
79 80
81 95
81 114
82 86
82 110
83 85
87 88
88 141
89 90
91 100
94 186
97 104
97 130
97 153
98 137
99 167
102 103
107 110
107 131
107 187
108 113
111 112
115 137
116 146
117 118
119 120
121 158
121 166
122 130
123 124
125 126
127 142
128 129
132 133
134 138
135 152
136 141
137 143
139 172
140 145
140 153
144 147
148 149
150 151
154 156
155 166
157 190
159 160
161 162
164 190
165 167
165 177
168 169
170 171
173 174
175 185
176 187
178 186
179 180
181 182
183 184
188 191
189 192
190 195
193 194
